965425549
218211895
313044104
907799713
1090451068
895407589
1984432603
1286134820
512977498
333597234
1264064979
1051326442
1776113463
33612663
388002459
1165988056
2116750655
1677974515
696985872
579460066
1922553803
371261607
833709279
1989922728
2039029832
916642761
312628343
284777356
1615895983
898846098
1674167094
433837884
1117057993
1987211198
1341637597
60025414
735135139
1178586553
1346160234
1248112637
1512183787
462741566
151955432
1140813603
496354229
539957891
159318011
465621236
70448759
856303884
1045081302
1993002562
1227565491
1878790581
1835441642
1119111675
647949695
586337
1403889031
116362030
899432436
930572477
550199914
2016490429
770300027
1891837511
2076515843
1505435167
922940416
1275192430
606064156
287640556
1737933996
758019588
1428454159
86804577
1297977480
1587772170
552425813
1368426239
296592406
1597507115
1213945153
1524157898
1328814048
901903148
495785925
1976763743
902489485
1899674957
2093125773
1801921921
682763786
495842039
1670928703
1453063814
240195903
1599960898
811015333
1163136319
727669680
1417079489
1450776875
318120028
27615430
731747386
404924605
1325592910
172035909
957350418
546535501
468628315
407373885
1760480654
1992786213
1736187934
514900154
341088491
1565468029
1417389640
93279800
1511110155
1071827913
776043586
2006952194
595272968
81623752
99664449
47750219
892639085
1262800769
775419899
162234927
566093996
1093539928
189850357
1297841383
1498464533
1515443267
1469877292
308331304
2061978768
1938505607
715705189
1674975774
1783808173
304409475
42392281
2124896664
1869877505
1459781921
70692816
1233504012
384126186
846736402
1092972558
979399155
928360155
1192637008
1027149374
1820999240
307954129
1802569273
1983234167
874048125
748625553
25600876
24405860
99606439
1541044143
1494283152
407937743
1455539263
1285305112
1123642932
983031390
921629637
1428052408
1025423671
899042653
1150446265
337721944
969735469
236466629
721848130
1816471871
1329439187
1701247285
597348378
374592547
580913011
270863971
682546676
235998637
106614490
1556594802
984624190
132215367
1581000662
1084230629
1673259510
927800167
1492168372
981315126
65621631
468327657
1964346516
987251268
1896380065
842286539
1886293921
899342682
1180008483
708545742
1135809311
1901856613
377533965
317764850
1455620251
974882344
692357398
2036533262
1245746315
1374904074
125048251
1352360805
784015228
1109672442
1484576172
217532243
46419423
1010352035
1145332410
1538587796
1991667161
1210954041
2006915453
1808530029
50721661
1755811870
503332920
1937015582
507670904
1683341403
498077676
1643480215
1437714368
875611641
1961245065
745850971
1850493985
506118815
634900586
948756652
1881022890
759948837
153633810
517554470
1869621279
1638209982
735086713
1916040703
501078369
1880419123
1307144851
345261882
943889516
1166576656
6308263
994611177
774904878
509641183
784143111
1282575782
45498938
1282220787
778572349
1483213307
10348781
592333766
81580630
1860842766
1098452582
716481216
662115771
831991824
1476430054
815749581
1349546294
1198567685
306475915
2084633008
967124740
807554285
1817568483
126785943
1152816167
613974352
1293362599
1159124431
1608585529
2068267477
1668765614
245244993
1203359611
1714264553
1527465780
1981931960
1049994212
1537814561
426782079
1131574842
1251173680
1525234661
1848056059
1913289451
209742837
1177002465
581555384
1559289131
228086502
888031299
1496438491
1195211243
1695585584
1166523327
1321997186
700918104
1780497679
467876138
1860042535
1241599560
388659967
1381324501
1486844553
1592019579
948105406
866826686
1426467891
1998099618
257157599
1853249970
982190813
1508331279
1231000983
682763224
1274137082
1440743820
1859765689
1855692466
852549304
2087852191
596240118
201504147
1135579786
144342054
1368027474
310093325
845260158
1001041505
777969463
557819045
95157418
1166629430
1939143547
1582001971
611165361
739765305
301345009
2037633253
590381276
558502609
1743399575
1572572089
2066833888
826916911
107851665
1193487323
120177083
1967617354
901696141
972726387
1907985897
1497936259
1174230535
896082036
1642278314
394774361
1206175361
340054824
1395815867
1984144824
897873870
1490973285
1003290606
689533769
925491608
1614455968
1429299074
1226836618
1504605573
2019680350
1785339227
1100521500
1444768791
1704689467
1927438411
1552620456
750693142
2047615495
1372754162
1652389284
872858234
1133256412
1002841895
2047088769
2029338448
497636561
294379483
1088030161
837691386
1690195350
924691337
1735565256
1033684987
1927981943
277615377
1959176595
1394954263
1706914451
1038529565
752076188
1579111154
676385144
1852597689
876396297
233590964
1632552452
281533106
984284106
1532684299
1654287268
489189742
258058886
640060032
1492031638
157664007
521914832
1989668199
452043490
1609944993
679875937
2142238840
387152682
267957545
1028440179
167650978
545572922
840133127
1562605241
105003726
1878662692
167197782
1684114880
407564189
2019795471
413027529
641155153
1504864275
694560635
1625439259
890064927
201364256
2114629002
1148123813
841424288
1459176992
1305787820
1363339121
1301361543
1757831311
825800466
1981237481
1752586503
1212953149
101711378
633543035
1380604127
647284301
1473676162
795725720
752288027
1204855206
962923502
288919259
1612419395
835235325
701946788
106090900
192615953
1396507424
1731530160
1082680880
1597871680
1698675514
83321045
291812320
1010368858
1389108865
1655151441
164246753
999456528
333468260
2145484234
604559384
1546421409
99711965
1238102419
779541888
746996266
564294933
1575267608
1499284293
1769150139
390707463
1788203552
1234085887
1225942788
342666692
1340176787
1418558741
1739174116
924223299
353755973
1189562148
475415165
437077018
1481374469
1485784023
1826185884
989042262
1650030777
678158764
1322510522
1648031363
1282718148
721448283
1747743328
373336919
1500990171
347255946
937631852
928774132
1846540239
559298344
1319481595
1487260143
1793384231
397940735
1829926836
986077370
1816499477
1421617304
1910300670
22771802
463695805
238232187
459848821
1945070274
1724016211
138551057
786628888
1226563340
816709821
2109139411
727111055
2099427970
683104046
327370736
325281241
36610570
674626682
1262913094
965384702
373683274
1822211438
137382649
1860943417
1468112021
535323384
1543386605
306705743
204339213
817520262
69522765
227111016
1281216067
307754953
686959837
1078802693
2031771164
825510894
1865431581
1110850856
1642220715
1827087344
1837961911
1594165037
362707743
17848999
1919446279
399318313
692475682
1034875725
1364703015
1066158956
709603515
1502085664
779618725
30231888
2037409048
175521683
336937631
94264614
993041945
406460397
321375630
126774364
714215350
1008335467
1205577057
598502866
1833846361
923524990
1709353722
1328583428
603128687
1399831985
775264818
965836430
1417680985
547227449
1365154743
2110156667
1582103174
582374110
1028831975
144223041
2084459774
1808450700
174454929
1974385174
1983972383
511392560
2068649788
829530680
917852957
242541770
956305044
1632068307
1250877237
14398453
83087525
937239950
937923444
1792441247
118339731
1541052131
1044789585
893604549
359404913
314986922
1440831998
1724559656
277659941
875451524
159450118
1306491916
1019674565
96426244
967458968
1194129494
2070811418
803947704
1705522054
1991977559
1633478384
475891364
87035681
442299781
2107959671
1337912919
456698234
43563549
127669221
1394621678
1836004796
246008952
788190161
733310733
1139613501
1147595074
1048297655
432961851
724671082
1325957596
1308413375
884121200
484965864
180604292
980547444
1452424833
1374733786
903875215
108888889
932772193
748369126
1742367273
1408663557
835404807
37183406
1369139580
25834078
493881641
1412703129
153503300
1888503319
1101224278
399512252
529209833
1834535011
1539125754
1676804907
735349019
1972087605
253992342
2061306615
1133017333
1138113542
398788832
1313621625
2118660987
1851213665
540871764
875052554
1960102554
1473643957
1623421680
1554986179
734823866
311342839
1592169586
2103963446
337176918
2086051227
1369182928
490680218
1827070898
322923558
890192470
208797083
9974921
281834576
1885601991
745323940
106438534
2139594333
659146908
1239455867
1130224227
1057935740
405593844
1101401566
761665757
946465608
1976454120
574284663
272625917
1452392152
2129270842
1007449783
1763734992
1573956780
963929582
2100911910
1512524359
185628862
444108480
1192111610
508552420
1334300950
1400908693
518527341
1616135527
1139027036
1263851282
1722574061
1131137721
1922998190
814546280
113878301
833450282
1220140124
1215279867
1595116039
19122085
1044250340
21917054
291748002
349158844
3704248
1299197786
2112893836
1577661029
115643720
2066322098
942701740
301272582
362946930
2134813350
809825002
1697247881
1388238396
1328352343
1165899760
379781784
444719977
740990173
1510919506
220234519
1555536453
1624797807
1053684801
628192929
692594026
501317192
647315014
1736844366
523234246
939063017
2086003211
526938495
90777155
2051413399
2104599524
206420875
1970251850
899817616
507693457
185715132
887147319
1317518459
1882963013
127902067
498387154
901379125
507683851
943107132
1642369298
2018603357
1163341651
1050422103
1495917516
69542805
1678615033
41027895
570859997
178446399
1777872261
1094094244
1117509416
1716391824
1621032739
1208286571
1620321576
1578148615
1414707446
1443089778
330482583
1922400903
1628804910
1217629902
1092435714
1364284276
1345531969
1590822869
118179753
1853215821
386446353
1760549052
1724335530
1549788004
663487507
1072769399
1619330809
194618892
1113797294
42707159
373065292
744185907
1136801403
1490574708
313094084
610350494
551377632
1933415660
41015461
1966085078
1229021790
371498044
1741002334
710343052
1589127947
685954400
2074627328
787176268
129293621
45323434
492908441
515739974
1805872486
69760324
2065527979
321876345
1142529723
1537375140
516495238
108843369
1580082299
889560530
853029276
569400054
232651590
1166123360
1179750548
784029222
952055372
1220766009
602630653
33593514
1592264054
196149339
743936567
1033908353
882103739
671080247
1821084621
1011397361
716403681
166509415
1527137335
374792519
236269739
1445181666
696668865
1378799462
835073159
1213164103
1487642831
267671810
2102724633
193188459
837071865
187892575
1359311820
2016822413
971921798
163883544
1090104775
1574552451
197477059
534885181
1770701790
941413626
1568793534
505321881
1612493873
1242394507
1516719242
181413907
1408903922
896372930
556206426
1645173661
194070948
1252875291
876489475
1029144107
318555746
216648658
1296815918
273796731
409837118
2133887783
461689307
1769148938
2003226548
1433611105
1933032482
945847675
