1914372308
1984873933
178379285
103876255
871566210
1156482190
924987125
367999066
1053709575
1396125135
554563688
318490261
472935320
96893705
878301488
230425350
865322246
1850460482
1142849117
704683557
1196259410
1431458075
2008339005
511985624
1480305394
1191838761
885031254
1924442669
1175569701
1986815028
1411874625
942458361
1824205313
1590253910
1046334616
548287876
599252452
1971321742
916286942
1652962027
1219963229
1470850631
1971452289
1692898550
1567744336
702270129
1923323900
285582934
405246964
918689370
990266491
1601506374
202663797
851121848
2113491998
1682969191
2042960610
851039604
1459928212
1071046663
690370985
724319189
2013505024
367092650
167089451
912355992
915380526
766341904
736194086
1831667469
271820283
1956157316
1155034452
95788924
1501572218
575295140
798059054
1277412470
860878074
1203306018
48618192
1851144565
657328744
251281990
554782765
623337095
1934251181
450259727
1474376699
1246695746
1521306390
17264036
1971014935
1387327766
384356687
2138104387
152200111
1299737213
756962643
888394197
983921034
1028782926
697067865
2138955486
1124571851
51156435
566766978
1922630905
1328568906
1427645052
978453275
1377187098
1131305969
1635782019
1628469088
1686088735
111635466
1415236622
2136348462
1586012166
514448720
1510171205
1603276202
337980007
750015323
1987632889
328600746
902215434
1139886455
1085563389
1790609632
2123807489
2114346316
340193849
2115279328
1091434519
391350285
534562658
866581776
1719919191
1962207711
1845035051
949622641
946030032
1333333422
430608082
484635119
1444968889
1845844704
473499934
883497407
212809776
1983671139
339289961
550789783
586202814
179439203
879390530
1488418249
1319325658
1964953919
1131544233
1295649499
1931816587
1471738082
1263445179
875767458
1863088367
1798007838
1742349234
1435523910
1612731901
1439900637
237662904
411278285
625750412
668270986
895913405
2070719301
366632042
1369413339
806733060
579441818
1205600830
1146023021
1130231601
1791803644
1325462224
2009622131
1132738245
497304234
1827092403
116798830
1792953734
1611425342
1588536913
908915265
339709153
1304141632
559439455
2082058387
592181895
24687708
1374475377
829844799
435965994
2000225789
1498115785
1331879399
1923461442
1864747827
553809090
582710854
296705997
1759409920
1728733875
1426937598
1403729916
906712452
1289076082
388984514
1404016686
968684837
505783344
1049486772
432626531
2094320257
1958402038
772335684
1250978242
370357845
706910424
1843160137
395045554
2081385801
525521288
831011548
1934127942
2023637073
15407299
1710105736
1740901252
569216389
145332942
2037607249
181142661
1874066817
1317061199
1584872577
633295621
458653633
1973857091
2037312308
1427338470
332156788
939315432
1859965002
278993397
750233822
484817038
1529971639
1120591668
1191727462
1225648128
1515637222
1125629615
1751169416
199165122
912273909
1627322841
214572421
474895997
1220740445
783788810
620228939
1110864046
964931471
346812109
280441598
402320400
980107730
739095231
228693844
869936390
18950054
560850632
1809251823
1878915056
839844029
412001997
216248446
222332021
1532593665
1407975909
1447980149
900747239
386121876
1051665918
1099912361
1298395786
531505111
1314484782
1773291783
1752245557
2098273592
246037075
715625955
915721415
592849184
996067553
1318041816
1572956914
1735162785
1546735660
295409657
1754112839
2107586292
2104661480
1485544247
799946673
369179829
1701792693
1022278694
1901773495
962284954
322775196
655037086
1348406831
1374441114
1754949448
499318969
1905946225
921950582
125127104
1510708134
872740527
371164179
78850442
1788461942
964013363
1074917995
959020110
389486630
662597132
358272122
684896287
269226323
318374766
642074119
1754770570
1118321440
1011253948
1309079616
2140600134
765543795
123880922
315891682
1420580882
1472287753
1690332796
1028046682
1971606722
1448795374
1949997264
2096733827
812019860
675254143
320414358
890870302
316232438
1284427722
1965788298
1275252548
1673914352
480901782
1633524671
211326991
750128106
1951899437
853401110
357415028
922737229
1864655058
1666494644
915853716
482715206
1790375567
1231745398
1903296088
1115179672
774594547
783859122
939302747
75906273
586372738
888552926
887926133
1261626882
1208967284
1778796436
1577859320
345911358
1597101086
705628220
2019825710
2078002868
191669243
83669053
680647326
2143568681
937070163
1038062355
918822262
654241574
557073351
1834675978
1136956780
199965270
918937729
892769220
1315144943
1693532276
1676628342
106964042
1769438549
115517432
995516968
509881034
1377144314
57000604
141193822
807519986
402911963
1738294908
1513148207
275254025
1668814129
1704817450
358923079
201977807
1700902483
1295993242
1240040162
472241098
1950234816
1797113514
159433428
939707948
1997078784
1078371157
1832477168
1164740079
624419785
1361621862
1271704121
246374686
1477139295
119737441
756255721
706799961
176738046
897449543
1514319948
579650009
488260804
879984507
854904034
9591285
437318309
1213827113
211569092
2138220793
362336708
1451609255
462978243
165087876
1101239121
622411671
1104795825
950834257
1700782829
789789345
2115574337
177718966
3927560
1239794810
424093653
1481066855
1359532252
1180349374
40383168
1536270298
2077798917
1554703116
2115920307
418576073
287203975
823340693
428167358
724522285
2037167807
639736451
715259430
252020867
2091345706
1178237673
417108743
1045101179
1800649344
1521904568
1995935436
1353948525
164210266
1964026125
1531667492
168137826
1056337288
1955761145
1649204681
268385892
988626871
1689587849
1804656190
918942140
1096807318
1773092849
1337518214
1384011293
448949894
1765685572
2108533578
338634053
257938375
676309360
590654920
201800433
1854547033
1007763664
1246901612
1507712730
382184584
1095353401
714177607
546394850
911895878
98361451
714532676
1968233166
2054122596
216253709
89135410
895265819
1905841559
1893791600
1814207960
855165229
1519400801
1004242526
91692874
1968350696
622444450
52742805
159501101
880382826
729052165
750156022
1082183259
436115551
1757919686
181601224
1943828281
2140104270
1276954625
510522240
539015473
41366855
608883692
1253548149
2009600022
515522640
1469801859
2098735432
1410788460
1228159770
1845043385
1077512772
2083324999
1216960538
2081755298
27534225
1037827586
556716100
80277030
1197328688
1437098926
809329196
1947484710
371798538
1245444747
1557920748
553399762
1041789380
1550541370
1830354387
1552311620
2089556843
1871721242
13711664
1195621345
1733837616
529234305
517939556
1685089401
1940022765
1746099326
1382649138
870051889
1681940677
452126028
804323539
1709474902
1489953615
1361039639
1789751933
539798655
650654918
451597481
339799717
1022453456
1697042228
1897720465
1575853218
591347960
1300778187
1258723957
2143659580
1242851383
982961551
9887597
290989080
569315520
539121902
808928636
106921273
331661019
407544314
1489570411
1201712908
2089484991
1941696439
2006036447
1651476245
1284166406
1219592438
1293744530
1823965061
1870247356
1745342011
16281130
745217164
1294900591
1914001595
173586734
1886248551
1067296135
1432310691
1882424484
162663870
267788595
1892312081
453652950
837104115
283950335
1262581586
944025388
615611354
1670125900
286112151
1817324262
1612127243
80324942
1675877061
1116119840
1364491349
747985851
262380723
1040972762
470749560
2007722734
1057253893
1215966724
1155139678
823771840
1389553459
893904581
1891067975
674380502
628845417
2053731845
942169097
373673850
359901147
1779273212
657624185
1622482733
575814952
1273235539
1145124985
861927103
943076153
609768580
942252046
471469566
1725888421
159259747
1219455418
1988269144
1200232509
1690204978
1848508230
110002754
758688054
856164260
933774595
757865
1750068842
677358922
675138368
231430611
583607120
1617307465
605104462
943508267
1249097030
1262728647
418507353
1824911982
388480539
1563632338
539355438
1331556692
25917271
1481607484
1803026259
1751805692
1640867231
874998029
1592591188
693616092
417719359
1293615770
803618847
1176407413
2296383
1737393442
1177165279
1752365225
267268716
1852303647
1983795836
850875836
1322127464
441416650
1794384104
423740846
1704145298
65407809
101169181
2092625837
1629040147
640524619
1276698881
1654957418
2122132103
932241492
1259279462
1615515686
1807239521
704387002
161648130
77475232
1998002773
965266977
1253882646
2000299156
555176771
283564277
1605180733
822445488
2135867924
1441492921
1673321324
1310511740
1882909572
1320221780
1734252587
1439571222
1385629589
1835421768
1384713411
867186089
328462739
513928644
374659859
303111194
1446170137
1633939322
1918626880
1105926010
190842676
2080275010
1183401243
41361801
898058340
289800241
2041660957
1453235111
573364518
1499358042
128196951
561748794
793367316
1801518276
1872260534
528793240
974256408
1459029473
1968364462
212402350
1146967593
1205594225
1079588439
1475430332
1719522869
1454248298
1778541526
1018209358
940703972
1549684758
2124135369
1131546649
1482476121
1160052964
1172908450
233050813
1449853205
1067085760
1686285924
2023217723
418960154
1814482876
437482869
1212327470
1468517504
162259755
1741120710
295290264
1621289229
1562001524
507692614
620773174
620112101
1587281053
2096203507
192151323
894045704
1727261385
1210360681
1834749676
1129462496
1187012402
818812677
464454969
199581718
1991721128
697505782
1649434923
911323240
236308058
1525168998
1330283394
2050790934
1962651867
395127217
1371824790
2124911623
2136247927
1667115055
1598717204
1550765804
27324021
72006730
23394257
1614605075
20726589
215545580
361167131
1747987975
1425906262
48433159
729966823
465435016
867245837
1194421792
665016735
711483317
1891927574
166968010
1622806557
2128235632
1692137009
805606303
2031542919
1507305228
1200733520
1255884061
1484733203
1189497800
775515468
935966759
592779956
802839490
1007973490
616174213
269960917
1028700079
831719794
631128048
629204406
110142408
679561207
1359171229
575577424
1546807044
406109373
1240594159
110806713
150553299
1407562170
1733613270
131305284
952215531
391735926
15364555
312037111
1592469446
1271248616
1796770315
634483598
2046764085
585253426
1227263554
702119927
1593226916
1843437768
972080844
474443348
527673914
1603208892
1103647754
637816322
135286451
315335336
1213393746
1682093496
721444709
306504258
1792900209
871998009
1714066428
1379029832
1003303293
518798311
1770765758
1018667848
830835422
1215751556
142432816
480122089
1850235155
41713253
1065375516
930015061
743833180
511118784
625969181
1715914024
985562132
1153643095
1171639268
2089209887
1791459417
1306925720
257061575
857369516
841535568
978506284
1163873774
486952129
1850504293
730456554
1865981961
706323938
1249254865
1489264071
1724991786
2080090287
557531980
1867424603
412728729
260283487
1909137856
1478104245
1190298548
505487389
1989223029
1816267730
73917765
827301514
822427177
1245557034
769027753
466402947
404999106
1026089328
1323772463
1246534674
2004595612
340162589
1733486803
1707616258
1070619143
1451985117
266456548
172390360
793765540
1991448335
104996999
1351297520
1711389290
517725728
1611581007
1473043498
1995829973
654395908
1978530887
1837569355
323179990
2052448653
517387221
1145607167
1150522039
1286414974
1612010114
1555521145
165020654
788298929
654572171
22132618
1128461518
240575326
1729748876
51597013
1692560443
1996205425
223987373
338842336
1840170112
328984373
1690139856
1404075754
846710101
1154237216
729635604
695056427
1808633124
560682844
385142134
2131813114
465647849
902529355
1129936633
1616169888
41460681
594463100
1024207385
206481335
1382762029
1678779556
228613953
363739900
1919354882
1958362830
415336913
1464431678
1807084607
639324287
1803274014
1499771071
968308660
1345930222
756363177
1815018761
352683790
1485998781
362591540
13833266
2046681625
747733674
2145646380
364845826
1650263029
1128099366
1981015714
1691723710
1722562466
857739451
1898205045
957840847
389035359
2126818999
1321580747
160906594
1937698181
1736917661
1625338272
1597299140
228758300
1281128638
949586563
1197066960
479575212
1705949740
864602073
832259003
1044464873
1227193614
846092269
943662851
1974927288
844255002
1308508677
1477706670
1972354368
1142040744
1021946732
1547433186
1999780195
772668130
357790385
241331907
752003481
1679371133
402238501
542218014
1268805146
2027576773
2139517154
1497563446
1161221763
941620069
547146758
1640796975
500086161
1411748831
325572330
1544551034
491458797
1171664600
340730237
318902438
2015919602
1649238915
1796609108
1840790322
643796011
671072192
1240739860
496092558
1443740322
1598530245
737424465
48260155
1130417730
1139662966
590478169
251739228
1019756091
582511675
1749302674
33494206
1524131744
148965784
1674291182
2024217905
1560714616
1999863512
1421285292
2052173413
1024044464
1762015529
223592203
892480418
1263770796
2020201311
585787092
1907566807
543789856
1826526952
256175718
1987530178
1277573550
993600183
2035790334
260507632
2133263150
478784855
512246861
1005535593
1061296531
114065887
1039029800
437944627
263031672
565837334
314678885
1823746288
418217198
1735964177
1728436053
1442261663
1350496058
1952028257
187258433
466783207
1824745920
773045526
226866366
221052128
452088830
483042084
61098659
1729662380
1476642268
2096888993
1990170013
1462421770
428190200
354933226
320473715
1489486731
468999113
1359503515
1927431359
732030785
1925340849
94626596
408293425
196074400
1830590773
2136729479
1638336063
1033603183
1941274088
1825594496
1500386390
1618536360
451156374
1727252757
1839588489
903245205
62811193
1900687148
485423937
1539453461
1850092493
328110302
854391583
130799045
683043528
1174865299
1620285777
1152042642
386885166
1400233488
1884073427
164742368
1494860084
144883205
360816768
1177967209
134129036
1999152831
64086744
2075403124
1677263679
1564473135
1546455836
2128420054
1144242244
1238560677
884181611
1207053437
991764177
1369605548
599023251
694373022
1697715851
1453414834
825172068
233275731
480796485
297974197
1385318373
867681652
1698207685
1121908153
1032424020
1045584121
1266791358
1393240788
76067682
1400920394
1244909971
140154426
1328839870
774690002
1704627561
727812058
755626408
701386157
1966372736
1639808019
1908439595
810653265
861929920
359979198
1505026288
412162123
1813394032
182714708
645437854
146706870
480688905
2030756228
1014388522
31412942
1005180733
2046812542
1076997063
124488443
1292569682
1153064745
1525408837
389996005
1293219171
706765059
1164686007
850363085
1434577117
1920312416
1551749242
1253466205
1412636787
1312705189
2064119471
127083059
1672684387
1421662111
539245182
1338594772
1604376819
1184683037
1485301642
2085065724
1067955617
352206516
2116478666
2073136350
251535410
1045992081
50141145
1544105092
51573178
1575549982
1934101097
1344792349
134831393
951303456
47671786
1569408510
724132224
1599421029
675391068
2136769012
764642570
592026891
116368423
289843310
2013689002
655613606
1628438082
1470582173
1840296643
966256076
1408164249
760768612
1318462592
1377159267
686421314
1569998002
275667700
736562459
966619446
327240878
164628793
753236895
1672033227
299460186
1704540351
1719705014
1868868696
281188928
1171642395
396776116
270474292
1936284965
988803007
386842715
78644627
855008361
1042456321
1707082709
178106886
735269316
525855137
1586271135
1496037928
1844317729
815946754
34975594
1266832083
1091614454
771538053
85967881
1418855332
936166846
839204776
943404912
1235627032
396261480
515626278
957012081
677450408
1687268673
1353788197
947924700
1476069990
195107557
1334767415
1554714618
1050115918
229740089
1114313679
1228222805
965009405
1640168817
667010292
313563686
1337002898
1482957047
348539280
456351334
427087853
1120077334
542319215
1845943186
2056244180
1381523992
641864450
1144387565
1777785472
1157490728
2101399646
307752232
697275753
1307704195
1255676932
25862095
1502811752
442960699
1580576713
405444023
672700788
547406745
1633666828
1637710194
40091914
153193472
1951273880
1377094812
1636150519
152329512
1833446146
2063238373
1272406846
228281714
1761697911
1181167379
1609805706
256078713
178071296
1240107530
1413569441
131987294
1547859762
2110845194
1439691489
656053046
2136707289
795019594
1099013745
1569800355
1200463617
1771714534
2117207100
686646797
1261941080
9815366
839840269
1065731312
1386910178
328507141
1218060824
1072872677
244261866
342984023
1301154391
2005959777
1524151402
763476449
114554842
1702222698
2003583979
1528124283
1834209992
1403960093
1491485829
1126417833
2060013139
1480709470
1921437427
1011543236
903026177
974417396
635774122
872749629
1661064193
1897715202
882564995
353420815
815962866
121991526
681927956
2034023691
1194864203
926189822
229524066
348534946
784665951
1753675468
1112011395
899220793
1308414518
968111726
279861428
995140862
224588171
1771347257
2121558695
137117662
1104573079
1895512475
1148660898
2007599257
722446223
1784435021
732865238
236026769
1534666575
1615430234
589447584
203145794
1737421760
1271375540
89685837
784802315
50081714
319209903
1133337261
834747665
2072885371
97865008
1733968458
1233816241
1065976734
2013829886
81473455
1290564905
1637693495
55548502
1427682567
594782926
1951060977
428859817
454898535
526023553
65811190
1187763774
762050322
1600477766
655710360
1351497906
1803623560
245648472
475389798
1893309397
1030450787
525471512
65035652
16304400
1360219177
2137921023
114169408
946703987
1224253616
1180146142
813050225
1305727071
323227399
303260072
1361275573
1750909966
898042998
1164852903
32286135
1352941534
1690876456
98097326
393221660
305443130
1698575092
1048932020
1656941036
1354715004
1294580492
2132330834
1100540753
177547631
510318698
1165576405
193852031
1870537875
1156013780
308021439
669758214
232783748
1488167581
1482808439
1538510819
1811394980
1786068511
752302744
1414821298
536627861
1917155647
1447107433
1889569395
1460548455
1545204759
135307407
1765991585
1096296203
1184239427
1275448973
303527559
331336271
1260296159
1404068312
508883902
1770614857
422161069
702735933
1493669084
1578174849
1010757372
15943650
1810958597
351441305
1498752089
1201985768
15352637
1137336952
1954288513
1430173935
1673964814
1723960512
729797721
1416050561
1037025320
127518832
1551357969
655533257
1223815036
588113748
1930982231
1527342595
919450020
1043794742
783927260
1428333922
666925952
1206088329
2131069856
13111388
636779531
994343580
29055039
300254480
1345784886
1527807128
1502240249
1361137523
517660433
1309045114
643827811
44141599
885521978
1373625532
1460192160
1922547298
1501144364
864066481
430596908
577475752
1452180230
214095491
2104818348
224146602
1257890233
741261960
1652480524
1924816185
1947350289
1636066732
1937927574
436646172
482926665
1966982613
736900653
1828711551
1347306093
91657254
1042365426
1864966526
1400702368
1686193237
1909108125
138740698
912335121
1221816638
2061287997
265995838
2085883119
344401257
843471590
1390579701
558496748
800806290
1614726303
1816386981
1542068250
1119723180
1593719519
1341934892
608306264
1384163445
1778581064
1091232929
1203662410
367998069
772460832
403484855
459655323
1814826259
120967734
1860357691
1353535848
2030075859
1999098390
118387322
1104408849
1912902739
384383160
1042808321
109820348
1227854750
285904374
668317096
2028661041
1900630678
337220429
1423245643
872870210
1930939948
617696887
1481176474
1167619745
248794304
424925756
223798507
616792373
1197386588
627283363
1076447697
864729199
748251097
789321740
70781400
630843308
640936482
189168722
1735252158
406355573
573551882
630576831
516175921
1801406632
916481205
1184493017
1682584025
669628235
1521713447
958346021
1542498445
1305169747
1576042908
876191272
325305845
1824837212
1301117028
549104352
294145938
351019968
1176387715
1370593635
1215749168
1924638812
12431727
1286530568
407998473
653368210
1475699290
2143250631
1059723783
2049251172
626343814
1575899705
1703174156
1542825019
612909074
1238274534
64969607
2134622521
49136907
1607468052
1292308621
1625179815
336175676
1617614466
1302533380
1637292704
19235170
1596679318
1988312673
1195622886
819789305
1056578193
972778050
832221032
195625113
1380776523
1485589242
1671324403
1376543506
397829378
1573091927
2002887320
1973729083
1128782435
1398228692
439154509
219573321
1463198299
426293383
268710228
923182703
1718602004
1893890044
1259358380
1188732822
1048939776
749167436
1207967992
498135446
589996461
256107230
1317924751
1646574654
1228885281
2662135
1842199767
462178156
1488251378
1366040522
1838721663
1886080756
791648801
1694125335
1712326191
1920431237
944870379
3997052
2140004558
260585030
430290435
261231139
1183767734
1408791
7637535
295642466
1190141613
1056577311
1044809902
250625958
1554712757
1634806364
506733188
725153860
1133897370
1735618469
727815995
828613490
50312978
68583725
47170364
1889034641
1954664481
838819166
1435676328
1519507024
611766755
233063060
1523504077
604287665
493648090
1953794512
865518804
1677415824
1955203304
873156339
1973058290
997861269
1929733650
870384545
1248487227
1336962759
357707261
1755220416
2062116619
1491604631
1343355237
642448967
172734473
1393668215
711032692
219904838
1135219208
518213526
1058724004
423411889
2037720550
1670490759
656474949
1413740979
127294776
1150123039
1220051844
992813581
680055216
1027771500
1865969920
505629858
2025632769
1648219923
1376014403
1126636349
837699034
1733721664
734373117
752332006
1077842648
2077728354
1394780973
1250577121
1323912922
2105813665
1470481959
311648482
476543543
381722315
735060371
366780446
2052213074
1391535320
1780521425
32024203
394174712
853089621
1024837784
1074229928
1880861121
743324056
1579859786
1759010243
244060331
808390542
738162944
1081759366
394628558
1472536061
1834091372
1472471206
1402780767
1081388697
575564680
579210041
1039718714
2046046639
890858524
1516262258
280285307
1625918895
1883042704
185014733
869970568
1516080481
217038936
1264145280
221686455
1241876720
190891560
2102547576
1985200777
1770751346
1714074171
81777460
431658240
304753467
1163536826
826286799
1777289528
850144550
151274357
1032586648
1931533247
726839037
1611796689
823768314
625402029
355171565
192546924
905687336
1981090461
2075589628
1090702069
703577381
1444186461
1307741006
1967722661
1665872916
402134078
11130573
1620936845
239851207
1781881919
1187527368
321628668
66056512
1492280836
1485165494
892343311
1122086716
187826397
1043617668
7189716
2119359644
1770456706
1618986406
795644310
248375087
1974157971
988191234
1154062423
1807764784
916297214
97280844
363858517
213000028
1405021850
184097530
1878872944
1807155929
195228103
1352326141
2047007136
1977110023
392369862
221152156
2043166535
1884650698
1706317651
788026198
859253766
1894144048
1831643866
866443483
1866020044
1454616924
337946241
514180707
1702992011
164620564
1502371941
709570786
1972385349
271185508
806851631
188760218
484185536
64389833
372857749
215574832
1871545762
568085852
1567900974
1771069251
397712227
1960270836
1992221407
293395114
1697437886
1551055410
1081421312
409208004
1297715810
765581531
1275651487
1016252207
72714807
1613597728
1530432914
1775706819
1778218293
885321207
337793957
1603119994
1156506715
1144645588
1791880212
1640692251
1209035422
17254313
1856267084
933097536
585340166
1276684410
556683139
983052393
1089471598
401420899
1276447508
639425836
1952476309
210385172
1048633840
1102708472
975966703
176801680
2118960679
1048681511
1790399408
1501909945
676904682
1421134053
239747504
1014698639
876770399
1396254220
11860580
521166964
889462823
1220896002
538421277
598246259
6509890
1123761443
1874930669
563193030
2106813837
816918619
964613929
1235777697
1456344455
769606590
1446162869
357494648
1872315062
274645925
534296328
1843792093
1323327436
177212088
1198218390
2000232118
1598346142
1437965895
867447109
327632893
686736467
879307689
848799857
1576199290
2100203691
1387221135
26961902
2106713582
363498930
1901892571
522422964
322829119
571327543
1487036893
1558606816
2027671998
109159835
857286038
237682998
1981474898
1131931963
771979326
1677783343
307775751
949191415
728518086
160524221
400053909
19000333
1027971330
727686802
705736800
1907279020
1576486660
134452442
1859999063
816224147
161414344
1819228997
1179723077
2063306916
194168313
1502552197
487150811
1681205206
913675365
367339161
1790365042
1770961403
605022160
1624356292
755409718
1377001486
1154655987
1063185469
178709253
1883174073
1223709690
578763162
1902174406
104197373
1306449965
460427558
2011476393
735452977
594880001
1723991808
1551677124
756294345
1395737158
583916553
672117613
1589905471
2086468750
1159268424
1123627030
852660468
1526607586
766508424
476138223
2131629746
243381068
1231547942
1361147584
1398037055
147249763
1539856838
1133727481
1370959454
2118620000
888418239
1475156827
1277586317
1348845798
1339149572
2013039294
1943725799
915657732
1417232770
552536496
163911242
2001149324
1224654110
1753816714
1940134426
236438886
729960096
645311246
1763046472
1496468520
1121449470
1747192570
1739849588
205513764
960856507
990402995
352763527
353229697
2124130476
1723722981
324366049
865065068
1051396160
1601952367
66427218
243062084
1467508013
2010153017
1158719817
737257136
415205865
1322631059
590922812
1639859975
928964125
383573590
1876298862
1658924221
1028884837
1491861686
1007909093
2850659
1091570609
600275033
208364423
2052427116
1590678029
561127950
258173165
1567324857
137367284
582539214
284906277
1188763444
37007933
351333495
1431825529
1504515947
214002864
443061698
94289435
629208730
1765692757
685212247
121585057
547173235
1068785837
1997883919
58613808
2097670674
1342261958
1066522902
2100521333
286348919
1666797935
161402108
191292387
1109992316
722530059
449465552
529833526
859897343
1032004766
814739803
2048660787
1069012700
1166073299
1333002668
426044999
1380076163
1776064366
520334434
2009284893
1394273476
1205546681
2130869951
1941446711
126848870
1981270222
2000060519
77035897
1176048532
919099773
30073582
1462397451
438414061
191475691
1653689838
1548406377
914005750
2103155390
2078239903
1773903093
987676509
745496059
1675080232
2056689209
1911569358
860599253
335250560
1144161873
489179971
855584994
1005963119
1883453447
2061131675
989349422
1677416510
40496897
823135996
1529993382
117532794
1999184529
301609507
147606377
1314098332
740023568
339082068
820304523
140946298
1253087818
775976265
71702553
879507263
1763652774
817198612
407103847
1672858335
581284322
1267703100
2008108895
1725446196
1756883072
716210241
583925667
1492852871
629858268
1573275089
1022785734
670355166
248927437
405295468
787887960
100628318
706904975
935494337
1414726651
1446928544
1274576405
87547526
1587874842
380180575
863523791
1659577395
1259687838
479692918
329292360
1666791686
5067605
910576682
787011138
2013176501
488539230
396410562
581903094
1072464897
1889263434
1211761363
498256338
764565520
1882116529
747183776
1169860988
522520841
847812094
1876765963
1458015179
115055097
1176210859
585107936
202602623
616602053
965288512
1066126415
128695801
77492702
1545819333
457988161
1744284388
1550886938
1368564843
383811879
1416579791
1857104074
780222441
1998482886
782085323
522002227
1062760601
1280341662
1286567747
797393482
2027525438
308945087
1319914323
727853884
38227403
630445854
842908982
1214438262
1215553791
1045511605
1831040316
33358655
2111638020
1959736117
110851357
1509973705
270240630
1855135746
913376996
1638805473
91463977
182473139
1348425899
871686418
33472377
2130511223
1393688646
1096232978
1263369237
532772745
1893626460
1143411027
841717833
1066057136
1871264911
879945236
1696502990
566690245
2094383498
764573133
1612201851
1777940166
797931788
1576356223
1590192635
908783146
938846281
1860433265
616435244
1852223277
1351755091
707899221
2034696416
552697342
1579585639
2068168794
535724917
825790637
1016918124
1799094154
1358563383
763060937
795021533
52797568
1829118073
518802797
932742804
1378137415
1085493042
879642654
2142710549
550211245
510099173
793158689
2126567469
2100291808
1701941835
917930102
1813241426
170893431
622669731
1017512869
878792652
509882499
1570210211
310894644
430567645
2105935129
1136685281
1447485770
1757545635
347765016
63063059
405083521
400562584
1892181132
923886318
1333305388
1122834899
2009379360
65464395
1118061800
412106958
575563568
1911220490
391190779
528371728
1465678677
1309120881
194129506
1636572109
1931790612
1211642375
367881113
294189463
634368939
678775757
724757109
592820420
1815461039
24759231
202882407
15742407
87822290
607965928
416304992
1980003422
1531852246
1749610380
955354673
1393747959
1815074775
2073416474
1805854917
243154695
1837153316
49562048
771526424
1155348345
1358682929
965655930
644436806
1142989893
29814658
1012317920
1437179356
664183597
1691093677
14452817
1257004017
1359071068
39212048
1459886424
1374813476
127034338
2067852353
1791118468
2107037760
1452220951
1393245200
914908786
698485262
1060836328
840841612
356856531
1303991023
530511280
406418579
2075517447
1685859625
1765101508
893689730
182812784
760607753
923504388
1195130704
50303462
1587687985
738740733
64756279
697208354
2097811802
103968328
9611130
1325141630
231002666
2077463483
968776450
190556779
1382200787
214538002
1105465565
2080686049
1275374330
1946307177
290058933
431881706
329334809
696477512
359915505
2015194434
314095373
1253605235
50523570
1074703126
29625975
1245654274
1125006588
1617313960
1984395008
1189762868
167038666
1934723162
1293731196
176649797
1112381144
1524733862
106629632
2081157594
1715290641
1488830419
148211948
673272558
1422032821
1423586279
472096087
1712091754
1855467985
801430896
261085618
67899842
669141683
575180991
1321505078
719665253
1649884118
1351131053
1965319528
627407058
820961366
1802230888
1817169926
988000032
1589470402
963417474
1164649829
554367898
340667689
1271279462
488041844
2055958330
612626233
636253792
581747241
2034659054
2059840071
1053843328
1599267160
1767824408
1855274225
1860352779
1835724251
376932260
288050122
1009745681
1096597513
1937934240
213393086
914433393
417857651
1034354452
569180633
87543929
2022354485
11167387
1050961404
1039520666
565535285
1391629093
163316480
1053577129
1300103775
775942714
1689830922
1881851016
663118120
1602187345
788210697
114901633
1222528106
496001274
1975254412
910768709
872933534
115820886
1920514390
1969531047
2053755127
2133907476
736480793
324129130
1020778281
1305661426
411673059
895649118
1316828814
1462634463
1935169784
1882364099
706779908
2098486265
788457581
2006883684
726945331
330804855
1741251052
1390063451
1932992200
381978101
1504965084
1008036658
877979375
1332735848
1918805367
1750912909
1448556735
1691836109
1572960309
1354828214
1678259938
161957454
1678957344
551554571
1467618880
2090630403
1447203689
636964046
1405781219
1234889825
371844498
2112561127
1185892442
1160302079
1971961163
1912837773
1491106934
1565728568
1155417577
1276615486
1947706669
512899013
137168497
678202397
1845634862
2055973864
281631658
1146707949
1600326326
1854591967
354052515
1131102616
2016549421
2033009859
1682657187
1336684654
1976156614
982377228
1973648700
1234454185
69783405
198009550
1199531665
1255675848
1358311629
1024009180
1021029973
701934915
442254100
28963902
1978550402
242477122
541862916
2115718899
920679519
240014130
2024209115
1202311177
1386722079
1477051793
909419497
1740774594
460670761
778485270
1626300805
2143327948
2115169924
1454973771
978221528
1941334977
541944309
1048004934
2139344527
1741475974
156197134
1350172509
618001506
1177227107
2052107424
1060255607
1206191010
1883174178
1302732729
1748053926
1851409429
75928600
1988068056
1728134897
1278239777
1227306487
1057703042
40175626
820597433
1518373804
818660897
299414590
1514218104
786347173
1754388361
344955985
580198502
148849022
1392960919
572059382
1890324996
1549158053
1922231891
360842855
578901512
1826855667
1421098462
1785092522
1562546198
576347543
1385662800
1266471979
652276143
1226247208
847123228
1930515920
306070047
1904826271
1970691547
1126667480
1275716427
641868796
1426082070
642450883
1428215969
1032986784
987406868
2008414472
1181835806
232884139
432990206
924677155
1782042192
207738449
1285520010
213460057
2034594116
559134824
1998552579
1449656666
1135482367
1236731732
568644998
1787758510
315495292
1415768226
1570790782
621565340
1173110849
1393998681
1748232820
301343628
2035867477
1026831243
943794512
1316599799
2059818027
1931201380
1177530623
1094170185
16601872
1610520829
2018847340
1798644064
1818259278
1156883702
2012104121
1705369746
1716018526
1863173053
1007542765
704017245
952421137
1576187763
344292107
1267916429
844472341
1915082890
1889481769
2017583191
1161597923
1490230942
171443171
1049981753
369578537
1115237683
219097904
281912916
898955416
1396628527
1376083101
915557288
859665708
1247446794
566717704
530441338
256846848
431338178
88327436
1972865375
147027583
1095870201
529398972
1099448720
524574316
873691080
219881501
1369046658
641290322
2109363271
1239146201
1802888245
1452110565
1410589372
705386350
1821689102
378343408
924484254
2103602018
1277298824
173629133
1332201471
45372464
1033294841
432164617
612090168
1563736179
689011466
1043428346
1652063616
514393193
1190455929
600450169
1043792165
142421001
1125024486
1917483245
362302503
346587496
411289919
324182126
1585733697
66694517
1776292691
848839421
772080867
1450498145
1227182829
1696565122
1406616515
356998005
1870194255
591334338
402370469
756005449
1023498956
1014460638
172257980
1712510422
2057888984
1824321596
79419967
1100861266
277288118
1123212132
1243282267
1402312604
893211730
1605584770
1748900100
1304501649
1929766896
1187150149
1371196166
1558575939
2035989570
2143277034
861590436
1115688752
1692358508
120723303
1472686757
1415069115
712057642
1875057227
23590916
1735556598
742034217
195848897
1300583372
652439553
2020170493
1380003339
1753300819
149974963
355731823
849099439
1552287567
1248943553
307200561
1153704019
405961555
89483810
193370520
1777157721
1648059749
81876443
1772951107
362166538
1197565195
1317825967
482889841
522768304
585411435
1194947483
250341883
609002351
783020433
992376100
804851248
2083603805
1644815654
677538094
1316123496
1250632825
827513057
1671855320
2099732264
232316977
773315225
259449178
1386020996
1179276780
348932988
1579391517
808950854
1996992737
1661267960
434418313
211675627
711349507
1752244281
694565469
1234117811
190172068
1889512952
1484459695
799174419
525049738
329352147
1604025668
461169895
1974167801
134080114
1777293392
1077316979
961593171
1301665064
1029565595
1193910148
2074980289
1289014773
432447497
1106773422
1637947761
2011839014
1915724276
1487456851
1525623326
202658941
1699132478
89489185
1954903222
246214299
1323606996
2145075290
2135727252
660583043
796766062
513293342
989935191
253308082
974463237
816619344
387388196
604272981
1893936323
1348981367
1905938045
776018271
395407868
1833434687
2065033044
827855365
792724461
1555497158
692210731
560965089
895470361
70350409
763624030
447119191
159839594
571043605
693333491
1483446590
568635247
681577095
2144029634
1365401309
1194870437
986481177
1618709391
21850026
1803100521
2006097587
626123008
1549553197
1207595307
384577405
178087820
1603003175
70528444
95637216
283374892
863252905
1651134374
975585623
1424217994
399121087
1045936032
40358377
846240279
1205775626
611401982
1539573770
541738568
1180037229
73667217
538284554
397954891
1268537654
1524765731
2016664282
1290387680
1180382605
1875278222
1916510688
582452154
935389881
153604446
760539974
390909408
224132890
856177190
674284300
1087385796
359827917
1649869923
364120142
758949004
548322307
404478519
1605189283
1754097933
1015880501
997279405
148352853
48434083
1070946622
686637408
446388974
192000628
63919491
315569608
1482388309
1244302096
43364182
1251415349
1826754250
978754063
1405019795
439810576
1369663471
1629152686
1295987767
2043947771
569054834
1655815684
1546334046
933174976
267281040
2094656353
1337653496
1872470324
1701270638
206050349
722266081
1849623492
254484432
1793212704
388777252
700873406
1985213332
452696743
1016443015
1320117993
1696998840
1059807197
424049695
1376269442
2038561261
1829069490
1816080019
1260741084
1310738528
964584138
1157205208
1879793362
472916174
556055606
665484691
740197214
503228312
2003138187
465183890
57015302
61704888
1187449972
1906638794
316189321
833179028
147932398
1017062727
670908712
600629142
2033505742
1991026706
150144334
945829292
267592753
1526413776
836906905
2096662243
1195010147
2097647989
1259917124
12110637
1107369549
992226838
485026811
1663425156
1657711529
1225224026
19169820
1513366068
1690407916
76185122
1575070957
730374240
1982823917
1891260278
1563553268
2130756315
760839357
86978333
583901809
646861452
2078005039
734046143
1592690744
198114144
112976272
282114001
147292739
1307986419
232278342
1407209863
1320097057
1339647892
251953054
1805123868
855589400
1909664583
882864246
874759220
1275547004
425788515
950944342
703134313
1156162755
786284611
446910943
572232376
769557279
1207750300
659210709
1353459088
1854611752
589732100
2087505232
1299818848
787846244
52997856
1581932849
935138983
1360984275
1814211192
194865199
533597684
1006375436
446818253
191237905
1861964836
208999188
1074102151
589240408
1484546192
1499890666
1540184750
40196857
508569774
178985714
487107800
1080802150
948542993
1694858101
1740012859
154518433
1401986205
182261311
94540017
554321406
970107555
147537873
2136254255
1905246538
1508522149
1802981799
2100111737
2042119833
661873587
399446342
85874090
376354775
608445531
1159976242
965595183
2092991723
512383260
358296286
2133188581
1020953034
537282000
472812733
2101755184
1485824993
20187186
1694284395
1640343426
1422173392
1876545706
1734883444
1976494798
699169613
1882421317
1965265405
456932504
1243459818
1620763557
409560593
1138096004
135153496
809006936
1223970094
511508272
1417452467
236462688
1477103455
1362960542
748845949
1835399741
1348665475
1769798983
225198093
1821478209
1724070520
1711023086
1841665395
1270871267
1203882865
1116355139
999933326
791282661
945366289
1699102939
526220330
763148047
8551795
1769680149
236427956
418112389
760292505
371581452
1227119325
1984262599
883089724
497088144
73241640
212709532
1860048686
822087589
2048109273
1061230514
444402924
125823719
735225075
20989796
1836846805
429406822
1291861064
893246022
1545761962
144310742
1684528683
343644603
1843413681
63265366
1106792650
1851965477
1832945515
1343220606
122594218
445754372
1714802059
1349713543
282533323
450408135
1846801687
355774963
663117667
1559366725
1177862552
563743293
473113591
1622265477
689567012
1208338666
1643255273
378930169
1637745489
787632689
1272176192
1036023803
931943431
809221227
1379668406
627873465
872486593
338977409
332355294
557948460
1682198015
454949512
1003702832
1249516426
1804663055
1286236156
1699924562
1503981094
1642011119
215558581
915864171
672390024
779301874
1388977763
147171853
1468868886
449832781
1790427126
1847799056
2087578270
430576168
972491600
976118425
1362519599
1781712827
208303184
1990393064
506715773
547280593
175264710
1064664233
81994960
630214222
2068367066
1331511387
287393629
1207119574
883952301
1791374723
701647045
1099510882
559755247
1374037069
1878812757
1948733010
1521208922
1200197995
251082143
1164152401
900513403
191176766
1594728569
1873005003
1167295191
809764520
1507234183
1375598375
652673937
2013949956
1922878968
827938647
931130541
2004873929
1458152870
852013959
1188901668
1745546499
2059133533
2072853969
1389437575
613296931
1024881203
1949192822
1987334000
756210312
1750442184
1361059275
1956408308
2001524327
377728028
709438063
45217445
1972456597
434959419
1212512637
634737469
1942193602
440627364
1287411406
1808659910
216022685
2115350054
592306803
73412966
1426019276
1444320763
1262314634
1024082127
1355970648
1187684955
266036054
1969267579
65082510
67745228
1809117932
821292823
1818187412
1022693559
630217483
1672228092
1400421587
1339655546
1717445537
1225394536
1774614965
782474526
1860132005
1569324919
1223101891
1000059764
1230501181
1439124576
967926170
1822807985
1512537542
246461798
1119645100
627368528
1270543925
328132100
1815053483
1536579980
149916032
1880135993
1604325208
1959033964
553945168
1275028973
834243875
1184162651
799773417
87181814
376334550
369735306
1312576350
3465867
1152209833
1025224707
1572790787
227828076
2025284471
655808320
1666952652
845726993
331132657
1032006546
1092188791
1450777757
1659375074
215249069
1778909858
1326944909
1751829049
1928825890
1059597254
1208670609
1740376206
1613542423
336215934
427136433
650221426
1135989351
514318247
1026555976
1505724658
1826894597
1030021844
510450843
704635656
455328983
738278919
582436480
1111137303
257747923
1428163473
1442269961
1289754469
372868617
745564070
801645895
588117686
376990280
2128590804
192463087
158332522
1040704410
1401133696
1898708728
506763185
1737349631
178361513
1156984612
725855334
692679760
36056940
84096344
372090709
1066078784
594547187
1076726366
1521407767
1332826106
1659162846
485061423
1590574029
939842671
1927331384
732844850
1312711288
525411806
1534490745
1900828974
902402087
1515597901
2093292061
1060734609
408818664
1346942110
811959690
915581849
936808093
990321203
2072566461
1662663427
1683000964
2108623402
1746759772
2055091673
1027218538
193823311
984334391
401142658
1526649418
496013589
886204081
969739799
1435856261
666051817
1702584650
601083901
1191463623
1089591747
354429228
2093865710
457706001
300237641
1007116672
866524665
1647179751
1819076362
1782106514
436504196
661913917
1707189328
2099167624
197431233
1668329082
1698443748
105039259
548063972
1892267059
1089373650
949206630
1271432829
1585387240
1835410711
93688981
873759853
353978880
1796273631
1474843754
1545442504
738381730
1829272982
1491824566
1196087731
2129510624
351457590
2062612396
1629206727
23050304
1697235263
2065710924
684964222
1256940943
2017394900
882395455
777786377
1568355000
987434714
1325850349
1313138411
2076808365
127573332
437087593
1514711957
1962984043
530776574
240988162
169479276
179566557
1715831916
1714921780
917948287
1397621251
1059262698
2114036019
1379648227
1410720289
2029164767
861371306
1433770593
1578916382
779598582
2118734815
688373677
649509834
853646623
1466160054
70381186
1841081337
644526756
1383519598
1770406054
772100088
1820607191
1137634363
587600483
203900117
1378622525
757079759
383466674
946970794
324517891
1301414961
197108397
1383780590
1267967332
1576756624
647017231
1149648452
290644282
2080787824
581081186
1070242865
2052038992
1269454864
1719752699
758201967
588131270
1790133886
451799656
1232658026
1026169836
74722063
2004758114
699293379
1212356426
444874950
903193496
443495304
1201954709
1286660170
1390466098
1526472601
440591483
1587574495
762769543
1708558816
1016847471
1409786774
710723620
1307491753
1343090950
1291804806
230250970
1247646294
413776022
1950003670
2005848261
1001907293
1592653908
310164270
87081671
471340096
384886333
2091839786
1170633475
1597242759
389231088
2073826971
2040738063
1591185797
1213003493
1283720513
970174750
1653594976
723811360
1732944293
1214670144
1740658831
995247419
1925393764
900666937
190854722
1069714923
1130917907
1438501016
1483490945
933437929
1296865630
337914590
378608189
1607029900
424996262
849948285
1991916233
369352400
2020581760
1441675344
758583488
1946925083
1334929760
202285637
1012444928
471166625
1172460388
518556257
1194977986
757921033
1733226401
788153169
1753168453
1511136518
1688820106
1944023175
433367793
672254366
1235040543
1916858738
1605692295
384422525
107289681
1984300485
1991452425
532285943
686765122
1835885010
901638343
559863235
1130076707
1660221831
359304670
317522819
1862507468
1371749599
788689444
887484208
1890305856
1983667430
1645405242
1476048609
624336952
1251090047
839701479
165673410
1047629574
1273069272
837927776
135186469
1042444363
296136424
519608995
1149734044
132953261
363577772
1682019987
819718383
51979135
436174682
1379581618
1182055842
2096396513
1738886289
1499578661
1811420333
963152240
140784457
551420894
705974448
2124451888
49342488
34539409
601305192
1300432535
874240889
766978602
200578461
2147310161
1604906379
335764930
1042270876
1901042803
855373925
44521272
2033996064
1218951698
1726541259
706230799
1270930833
15232293
2085812418
305503027
2111628806
1677215059
1805081688
1775565492
492883651
1945866145
179502738
1198858099
1922834385
228845226
1233397508
376655929
1529277761
2107638397
1143634532
1729856222
2107464911
601057263
2065621152
1002252139
354616418
773511430
1046773412
241128834
1992463128
625831023
947359633
1115910313
641063317
885688403
1421413340
605208475
415419814
1079011380
233290319
908303465
877393877
412793057
2107161564
652744615
641638283
1193075425
1029400544
23432396
1153230174
25551428
1753288618
1113211437
626608691
1671426123
2115463577
981225109
297453905
1014753341
1222353943
142433385
1640584364
22229929
1258343698
134164033
907918332
532273390
739372509
1323338147
1611284770
972662828
84157964
341194999
1385455886
43835881
993939614
2027094169
1236911306
2023340159
2050526566
242657832
2048891587
1656331536
1355869270
528016631
1180274011
1323849199
1509241740
1477727916
191118892
584112036
1620161301
1831703256
606341965
731021351
1965867290
1514260297
1263294741
557756151
690114796
727095863
1530418979
774272761
1068290863
768391217
818108642
2062230477
648001739
2055019948
1938086988
551044657
150194132
1839494928
59892545
1506063402
220027911
1240166557
682428953
1729269651
570410825
873547845
165898039
43088479
557767454
772240004
774109830
376151096
139016654
2037404572
933907247
829131450
617016787
316842578
1603404211
1685307650
1085233796
274029205
1600054480
1733235535
181565505
1390657820
136796544
331759638
1082669100
196689089
1837823040
1302697011
1436855646
372768346
884483015
2007266472
1246316191
1050381054
2050354951
1804083645
1822621059
676981133
32751093
1961637713
566902057
966658340
643285515
1183918845
1283500919
99206079
721742847
221251067
373235284
174313679
1954486602
554800790
1564971500
2091283146
886560428
500156952
140488587
576899820
1802853964
1577344234
949668166
539853331
1437127058
48500710
1590234385
1339998361
1852584355
1265371796
2016979494
1885335449
1079525861
436397904
704510141
1722811377
1620316749
1988011060
1822017456
194575948
61778479
47769092
368889628
2016265081
602569882
1933861128
1960064579
1489130310
286534432
2100553167
2066030131
2089388396
1530413753
868214649
481758079
820057163
916715359
2071992465
12571876
621816067
1189880613
2029551370
359667868
121922827
318465626
1064178009
1844734204
1938782375
904705422
1519268012
2133358324
966483901
1567037104
354764304
835265335
22123339
141141784
647846266
1511253649
427676216
600915785
1429800132
369580965
2131329538
150531134
851339044
803903053
1067246493
775847861
816474929
1689062560
1965728475
698542652
2048730428
2087651302
1017008278
965424790
1784901858
808307006
1870130212
1156686222
794181682
689130465
576239678
1148945986
1524395800
598363017
1290087770
24758419
2109616667
1717763986
625674204
1391933151
2087344951
609520095
1542464285
791200348
1413423148
462227131
1567048209
82414430
3806043
1385293036
780957082
2052536472
1325460690
1797965360
870477614
962878900
458788718
593124178
2119565122
1252970400
1282254643
548321153
254432738
659166796
1146684170
1544520508
683925215
1108817189
1114800847
1309599419
353266693
1054662150
1919119514
1895730978
1845862498
1185059015
210474461
1265427060
1267473445
214280505
503236448
2048430527
119333329
1828697139
1698912239
989810943
644092391
10217310
1582935121
616173866
1263187710
717706116
1164495019
1517620449
1376872912
163695541
914657309
2060798127
1272512731
2029458156
1222913899
1625779424
936636659
994549765
1374026754
635015509
32125132
1584501216
1900442569
1299598577
1798781721
256195370
1200545456
1918115050
2084892509
751974048
760442345
581501252
762191358
195893818
1197675118
2025379068
913599934
214686489
1395515869
142989199
378382031
162689531
56303678
1650894762
44664039
1279217577
1129190538
981300698
126283695
355733644
1616316208
158408827
1940234860
1369275129
1458007405
1591532933
1625470499
511069213
1362164335
1562879360
1263043261
2122606680
2144380613
2025234619
171016850
1194572083
1903130040
1084616785
1409258573
1151162261
1227605984
1787640604
1313851792
1283909662
1291051718
1358515832
415643592
272758608
192332882
541927287
628492252
1808649090
700336114
421243465
1030440572
10859871
2012776398
508427423
521929085
1227457086
2071306784
1784972346
1202580118
2068203749
1662723318
1373596969
1115292184
1418369710
310730106
377067109
422048323
1538336090
17224065
1735900116
674762104
1308275783
946932300
1090405696
1581034391
1139265182
1632332983
62042996
800430625
185185450
483286461
1830871197
196045321
348579211
191814972
717974406
1576036297
115638108
355463105
631132768
36358209
2018186423
2004729737
1151650394
1289072485
167976195
1528717503
1711120808
1706312285
1545941569
1299537276
233590741
706733704
98985928
1323996438
140284448
1238251111
808845773
202327444
2038681736
994031223
685613905
1722069285
1190076545
1034193116
1913884257
1908050951
462745766
2029522366
116030408
1093878534
2065880575
2134216831
951124623
1070047321
1275805668
1119100818
451281177
839442829
677929455
1997222746
2138980105
911520196
556472802
90482386
88032986
696757250
1328733497
896878760
899084694
1219931585
1890909983
1584698599
794517222
933502880
471408068
560917831
694070184
934153834
442956549
810100592
2028032368
361353477
796833776
831673343
1431400798
2072639444
1950774161
1882681975
764598625
481219968
1732421073
756095083
1392740164
141410228
846577469
1480773151
838167478
27827318
230168263
1737252173
1247758903
2121078246
1174467124
2042276125
907097479
1645875192
455710308
1601167663
432545378
898666858
263784607
313094098
1260020335
1060618383
1144767441
543937485
985774180
948057954
279135813
1750372805
1429277922
2011556886
358984240
674534439
5483466
1205561709
7823942
843650945
1233389027
237992205
433419470
333664282
211586803
1607886594
228456759
1118684282
1106278139
684167068
572368297
1538823517
1582833926
836152905
1851917616
695370613
1896771288
849201409
1239308098
735061820
1797259364
1518443911
337950978
1079053638
1382517150
696935218
1753588077
1388000616
1902496928
1761412019
84167913
988402307
1999404224
517587383
1322066590
63507380
2125473978
1550523349
1182191662
1084268469
87206769
1754559960
475608338
1670040695
443229217
180042306
217927660
192516857
1029243716
1457235759
927578678
679019432
828196022
1265529656
1758073070
63229524
1962464874
1364177500
1451230141
1717478154
978105871
1535398054
558396814
830026448
2052985438
1880463404
893533828
2030975768
1283503105
2075725490
967760589
1370709875
1682801802
1443368927
893266922
2126031019
1623411234
1111194583
171064229
505171302
420946694
1098642907
1184190734
1249142716
216688915
794780156
1312372241
31670141
11474008
616118734
1749148296
989579880
4033140
160061462
1819606328
2057018578
2040524866
565656508
1940510698
1176544323
493898350
760787639
399770550
29216505
56672919
1293037473
7763876
1680084153
256748408
178828105
37771807
677695102
1277471012
1221962541
1926837818
1494159927
2016742697
1091726411
1525830069
2028216706
1707845145
1127494717
870312938
1711878286
1287556179
542435618
1621413216
1180597397
1108092126
1414440267
209658072
1601990476
27744258
609428623
1631206981
84417177
1902466096
1638970858
1764501330
11730856
1817798963
1802273137
689425958
947786328
876752030
468780128
294462607
746011080
1560506540
1820292676
626744138
1120868037
800303745
1497057076
685262675
2087859924
2039492694
159192244
1120973673
1000101172
1573632511
1330631746
454608000
1601376769
1940060369
2085814982
1685793947
1695042817
1577302192
1302811629
1706773673
1247617507
957601119
248715983
47920187
1834353149
717496111
342382795
432880581
130519003
15191823
1059624719
1251387041
815495569
409198147
1936649716
755871845
301207193
2095841960
1876845519
1301308365
1521990823
1059993617
1755916366
975883945
852570338
1694247700
514194244
400129507
1124066244
1817005873
2106903180
224200103
627123344
208135515
272120291
313992846
925631626
614503086
746873427
1056150630
629694909
1806498147
160054023
1445190478
68212646
2096703739
53578676
369419840
2045062052
1930424195
1670728205
1419569227
842934164
1279160923
247969524
1695504502
825924975
762163768
2095634009
1949991219
431685994
2055053541
26707675
1058809338
115705408
298827966
1372802184
1041337034
913331052
2119675612
2097487664
1543025961
1778690111
110058039
840732792
1846902757
59278131
894311468
68838949
2104340183
677252015
1739567155
1376425762
1520186179
871244430
1624395287
1068207033
1697169406
239075407
1016357394
1499676977
670761401
923927287
1526384652
1729570740
1039632695
1825212618
954889276
2080969729
591060022
927081240
2030973746
2134085984
558287703
2141031785
827335128
