586337
3704248
6308263
9974921
10348781
14398453
17848999
19122085
21917054
22771802
24405860
25600876
25834078
27615430
30231888
33593514
33612663
36610570
37183406
41015461
41027895
42392281
42707159
43563549
45323434
45498938
46419423
47750219
50721661
60025414
65621631
69522765
69542805
69760324
70448759
70692816
81580630
81623752
83087525
83321045
86804577
87035681
90777155
93279800
94264614
95157418
96426244
99606439
99664449
99711965
101711378
105003726
106090900
106438534
106614490
107851665
108843369
108888889
113878301
115643720
116362030
118179753
118339731
120177083
125048251
126774364
126785943
127669221
127902067
129293621
132215367
137382649
138551057
144223041
144342054
151955432
153503300
153633810
157664007
159318011
159450118
162234927
163883544
164246753
166509415
167197782
167650978
172035909
174454929
175521683
178446399
180604292
181413907
185628862
185715132
187892575
189850357
192615953
193188459
194070948
194618892
196149339
197477059
201364256
201504147
204339213
206420875
208797083
209742837
216648658
217532243
218211895
220234519
227111016
228086502
232651590
233590964
235998637
236269739
236466629
238232187
240195903
242541770
245244993
246008952
253992342
257157599
258058886
267671810
267957545
270863971
272625917
273796731
277615377
277659941
281533106
281834576
284777356
287640556
288919259
291748002
291812320
294379483
296592406
301272582
301345009
304409475
306475915
306705743
307754953
307954129
308331304
310093325
311342839
312628343
313044104
313094084
314986922
317764850
318120028
318555746
321375630
321876345
322923558
325281241
327370736
330482583
333468260
333597234
336937631
337176918
337721944
340054824
341088491
342666692
345261882
347255946
349158844
353755973
359404913
362707743
362946930
371261607
371498044
373065292
373336919
373683274
374592547
374792519
377533965
379781784
384126186
386446353
387152682
388002459
388659967
390707463
394774361
397940735
398788832
399318313
399512252
404924605
405593844
406460397
407373885
407564189
407937743
409837118
413027529
426782079
432961851
433837884
437077018
442299781
444108480
444719977
452043490
456698234
459848821
461689307
462741566
463695805
465621236
467876138
468327657
468628315
475415165
475891364
484965864
489189742
490680218
492908441
493881641
495785925
495842039
496354229
497636561
498077676
498387154
501078369
501317192
503332920
505321881
506118815
507670904
507683851
507693457
508552420
509641183
511392560
512977498
514900154
515739974
516495238
517554470
518527341
521914832
523234246
526938495
529209833
534885181
535323384
539957891
540871764
545572922
546535501
547227449
550199914
551377632
552425813
556206426
557819045
558502609
559298344
564294933
566093996
569400054
570859997
574284663
579460066
580913011
581555384
582374110
590381276
592333766
595272968
596240118
597348378
598502866
602630653
603128687
604559384
606064156
610350494
611165361
613974352
628192929
633543035
634900586
640060032
641155153
647284301
647315014
647949695
659146908
662115771
663487507
671080247
674626682
676385144
678158764
679875937
682546676
682763224
682763786
683104046
685954400
686959837
689533769
692357398
692475682
692594026
694560635
696668865
696985872
700918104
701946788
708545742
709603515
710343052
714215350
715705189
716403681
716481216
721448283
721848130
724671082
727111055
727669680
731747386
733310733
734823866
735086713
735135139
735349019
739765305
740990173
743936567
744185907
745323940
745850971
746996266
748369126
748625553
750693142
752076188
752288027
758019588
759948837
761665757
770300027
774904878
775264818
775419899
776043586
777969463
778572349
779541888
779618725
784015228
784029222
784143111
786628888
787176268
788190161
795725720
803947704
807554285
809825002
811015333
814546280
815749581
816709821
817520262
825510894
825800466
826916911
829530680
831991824
833450282
833709279
835073159
835235325
835404807
837071865
837691386
840133127
841424288
842286539
845260158
846736402
852549304
853029276
856303884
866826686
872858234
874048125
875052554
875451524
875611641
876396297
876489475
882103739
884121200
887147319
888031299
889560530
890064927
890192470
892639085
893604549
895407589
896082036
896372930
897873870
898846098
899042653
899342682
899432436
899817616
901379125
901696141
901903148
902489485
903875215
907799713
916642761
917852957
921629637
922940416
923524990
924223299
924691337
925491608
927800167
928360155
928774132
930572477
932772193
937239950
937631852
937923444
939063017
941413626
942701740
943107132
943889516
945847675
946465608
948105406
948756652
952055372
956305044
957350418
962923502
963929582
965384702
965425549
965836430
967124740
967458968
969735469
971921798
972726387
974882344
979399155
980547444
981315126
982190813
983031390
984284106
984624190
986077370
987251268
989042262
993041945
994611177
999456528
1001041505
1002841895
1003290606
1007449783
1008335467
1010352035
1010368858
1011397361
1019674565
1025423671
1027149374
1028440179
1028831975
1029144107
1033684987
1033908353
1034875725
1038529565
1044250340
1044789585
1045081302
1048297655
1049994212
1050422103
1051326442
1053684801
1057935740
1066158956
1071827913
1072769399
1078802693
1082680880
1084230629
1088030161
1090104775
1090451068
1092435714
1092972558
1093539928
1094094244
1098452582
1100521500
1101224278
1101401566
1109672442
1110850856
1113797294
1117057993
1117509416
1119111675
1123642932
1130224227
1131137721
1131574842
1133017333
1133256412
1135579786
1135809311
1136801403
1138113542
1139027036
1139613501
1140813603
1142529723
1145332410
1147595074
1148123813
1150446265
1152816167
1159124431
1163136319
1163341651
1165899760
1165988056
1166123360
1166523327
1166576656
1166629430
1174230535
1177002465
1178586553
1179750548
1180008483
1189562148
1192111610
1192637008
1193487323
1194129494
1195211243
1198567685
1203359611
1204855206
1205577057
1206175361
1208286571
1210954041
1212953149
1213164103
1213945153
1215279867
1217629902
1220140124
1220766009
1225942788
1226563340
1226836618
1227565491
1229021790
1231000983
1233504012
1234085887
1238102419
1239455867
1241599560
1242394507
1245746315
1248112637
1250877237
1251173680
1252875291
1262800769
1262913094
1263851282
1264064979
1274137082
1275192430
1281216067
1282220787
1282575782
1282718148
1285305112
1286134820
1293362599
1296815918
1297841383
1297977480
1299197786
1301361543
1305787820
1306491916
1307144851
1308413375
1313621625
1317518459
1319481595
1321997186
1322510522
1325592910
1325957596
1328352343
1328583428
1328814048
1329439187
1334300950
1337912919
1340176787
1341637597
1345531969
1346160234
1349546294
1352360805
1359311820
1363339121
1364284276
1364703015
1365154743
1368027474
1368426239
1369139580
1369182928
1372754162
1374733786
1374904074
1378799462
1380604127
1381324501
1388238396
1389108865
1394621678
1394954263
1395815867
1396507424
1399831985
1400908693
1403889031
1408663557
1408903922
1412703129
1414707446
1417079489
1417389640
1417680985
1418558741
1421617304
1426467891
1428052408
1428454159
1429299074
1433611105
1437714368
1440743820
1440831998
1443089778
1444768791
1445181666
1450776875
1452392152
1452424833
1453063814
1455539263
1455620251
1459176992
1459781921
1468112021
1469877292
1473643957
1473676162
1476430054
1481374469
1483213307
1484576172
1485784023
1486844553
1487260143
1487642831
1490574708
1490973285
1492031638
1492168372
1494283152
1495917516
1496438491
1497936259
1498464533
1499284293
1500990171
1502085664
1504605573
1504864275
1505435167
1508331279
1510919506
1511110155
1512183787
1512524359
1515443267
1516719242
1524157898
1525234661
1527137335
1527465780
1532684299
1537375140
1537814561
1538587796
1539125754
1541044143
1541052131
1543386605
1546421409
1549788004
1552620456
1554986179
1555536453
1556594802
1559289131
1562605241
1565468029
1568793534
1572572089
1573956780
1574552451
1575267608
1577661029
1578148615
1579111154
1580082299
1581000662
1582001971
1582103174
1587772170
1589127947
1590822869
1592019579
1592169586
1592264054
1594165037
1595116039
1597507115
1597871680
1599960898
1608585529
1609944993
1612419395
1612493873
1614455968
1615895983
1616135527
1619330809
1620321576
1621032739
1623421680
1624797807
1625439259
1628804910
1632068307
1632552452
1633478384
1638209982
1642220715
1642278314
1642369298
1643480215
1645173661
1648031363
1650030777
1652389284
1654287268
1655151441
1668765614
1670928703
1673259510
1674167094
1674975774
1676804907
1677974515
1678615033
1683341403
1684114880
1690195350
1695585584
1697247881
1698675514
1701247285
1704689467
1705522054
1706914451
1709353722
1714264553
1716391824
1722574061
1724016211
1724335530
1724559656
1731530160
1735565256
1736187934
1736844366
1737933996
1739174116
1741002334
1742367273
1743399575
1747743328
1752586503
1755811870
1757831311
1760480654
1760549052
1763734992
1769148938
1769150139
1770701790
1776113463
1777872261
1780497679
1783808173
1785339227
1788203552
1792441247
1793384231
1801921921
1802569273
1805872486
1808450700
1808530029
1816471871
1816499477
1817568483
1820999240
1821084621
1822211438
1826185884
1827070898
1827087344
1829926836
1833846361
1834535011
1835441642
1836004796
1837961911
1846540239
1848056059
1850493985
1851213665
1852597689
1853215821
1853249970
1855692466
1859765689
1860042535
1860842766
1860943417
1865431581
1869621279
1869877505
1878662692
1878790581
1880419123
1881022890
1882963013
1885601991
1886293921
1888503319
1891837511
1896380065
1899674957
1901856613
1907985897
1910300670
1913289451
1916040703
1919446279
1922400903
1922553803
1922998190
1927438411
1927981943
1933032482
1933415660
1937015582
1938505607
1939143547
1945070274
1959176595
1960102554
1961245065
1964346516
1966085078
1967617354
1970251850
1972087605
1974385174
1976454120
1976763743
1981237481
1981931960
1983234167
1983972383
1984144824
1984432603
1987211198
1989668199
1989922728
1991667161
1991977559
1992786213
1993002562
1998099618
2003226548
2006915453
2006952194
2016490429
2016822413
2018603357
2019680350
2019795471
2029338448
2031771164
2036533262
2037409048
2037633253
2039029832
2047088769
2047615495
2051413399
2061306615
2061978768
2065527979
2066322098
2066833888
2068267477
2068649788
2070811418
2074627328
2076515843
2084459774
2084633008
2086003211
2086051227
2087852191
2093125773
2099427970
2100911910
2102724633
2103963446
2104599524
2107959671
2109139411
2110156667
2112893836
2114629002
2116750655
2118660987
2124896664
2129270842
2133887783
2134813350
2139594333
2142238840
2145484234
