757865
1408791
2296383
2662135
2850659
3465867
3806043
3927560
3997052
4033140
5067605
5483466
6509890
7189716
7637535
7763876
7823942
8551795
9591285
9611130
9815366
9887597
10217310
10859871
11130573
11167387
11474008
11730856
11860580
12110637
12431727
12571876
13111388
13711664
13833266
14452817
15191823
15232293
15352637
15364555
15407299
15742407
15943650
16281130
16304400
16601872
17224065
17254313
17264036
18950054
19000333
19169820
19235170
20187186
20726589
20989796
21850026
22123339
22132618
22229929
23050304
23394257
23432396
23590916
24687708
24758419
24759231
25551428
25862095
25917271
26707675
26961902
27324021
27534225
27744258
27827318
28963902
29055039
29216505
29625975
29814658
30073582
31412942
31670141
32024203
32125132
32286135
32751093
33358655
33472377
33494206
34539409
34975594
36056940
36358209
37007933
37771807
38227403
39212048
40091914
40175626
40196857
40358377
40383168
40496897
41361801
41366855
41460681
41713253
43088479
43364182
43835881
44141599
44521272
44664039
45217445
45372464
47170364
47671786
47769092
47920187
48260155
48433159
48434083
48500710
48618192
49136907
49342488
49562048
50081714
50141145
50303462
50312978
50523570
51156435
51573178
51597013
51979135
52742805
52797568
52997856
53578676
55548502
56303678
56672919
57000604
57015302
58613808
59278131
59892545
61098659
61704888
61778479
62042996
62811193
63063059
63229524
63265366
63507380
63919491
64086744
64389833
64756279
64969607
65035652
65082510
65407809
65464395
65811190
66056512
66427218
66694517
67745228
67899842
68212646
68583725
68838949
69783405
70350409
70381186
70528444
70781400
71702553
72006730
72714807
73241640
73412966
73667217
73917765
74722063
75906273
75928600
76067682
76185122
77035897
77475232
77492702
78644627
78850442
79419967
80277030
80324942
81473455
81777460
81876443
81994960
82414430
83669053
84096344
84157964
84167913
84417177
85874090
85967881
86978333
87081671
87181814
87206769
87543929
87547526
87822290
88032986
88327436
89135410
89483810
89489185
89685837
90482386
91463977
91657254
91692874
93688981
94289435
94540017
94626596
95637216
95788924
96893705
97280844
97865008
98097326
98361451
98985928
99206079
100628318
101169181
103876255
103968328
104197373
104996999
105039259
106629632
106921273
106964042
107289681
109159835
109820348
110002754
110058039
110142408
110806713
110851357
111635466
112976272
114065887
114169408
114554842
114901633
115055097
115517432
115638108
115705408
115820886
116030408
116368423
116798830
117532794
118387322
119333329
119737441
120723303
120967734
121585057
121922827
121991526
122594218
123880922
124488443
125127104
125823719
126283695
126848870
127034338
127083059
127294776
127518832
127573332
128196951
128695801
130519003
130799045
131305284
131987294
132953261
134080114
134129036
134164033
134452442
134831393
135153496
135186469
135286451
135307407
136796544
137117662
137168497
137367284
138740698
139016654
140154426
140284448
140488587
140784457
140946298
141141784
141193822
141410228
142421001
142432816
142433385
142989199
144310742
144883205
145332942
146706870
147027583
147171853
147249763
147292739
147537873
147606377
147932398
148211948
148352853
148849022
148965784
149916032
149974963
150144334
150194132
150531134
150553299
151274357
152200111
152329512
153193472
153604446
154518433
156197134
158332522
158408827
159192244
159259747
159433428
159501101
159839594
160054023
160061462
160524221
160906594
161402108
161414344
161648130
161957454
162259755
162663870
162689531
163316480
163695541
163911242
164210266
164620564
164628793
164742368
165020654
165087876
165673410
165898039
166968010
167038666
167089451
167976195
168137826
169479276
170893431
171016850
171064229
171443171
172257980
172390360
172734473
173586734
173629133
174313679
175264710
176649797
176738046
176801680
177212088
177547631
177718966
178071296
178087820
178106886
178361513
178379285
178709253
178828105
178985714
179439203
179502738
179566557
180042306
181142661
181565505
181601224
182261311
182473139
182714708
182812784
184097530
185014733
185185450
187258433
187826397
188760218
189168722
190172068
190556779
190842676
190854722
190891560
191118892
191176766
191237905
191292387
191475691
191669243
191814972
192000628
192151323
192332882
192463087
192516857
192546924
193370520
193823311
193852031
194129506
194168313
194575948
194865199
195107557
195228103
195625113
195848897
195893818
196045321
196074400
196689089
197108397
197431233
198009550
198114144
199165122
199581718
199965270
200578461
201800433
201977807
202285637
202327444
202602623
202658941
202663797
202882407
203145794
203900117
205513764
206050349
206481335
207738449
208135515
208303184
208364423
208999188
209658072
210385172
210474461
211326991
211569092
211586803
211675627
212402350
212709532
212809776
213000028
213393086
213460057
214002864
214095491
214280505
214538002
214572421
214686489
215249069
215545580
215558581
215574832
216022685
216248446
216253709
216688915
217038936
217927660
219097904
219573321
219881501
219904838
220027911
221052128
221152156
221251067
221686455
222332021
223592203
223798507
223987373
224132890
224146602
224200103
224588171
225198093
226866366
227828076
228281714
228456759
228613953
228693844
228758300
228845226
229524066
229740089
230168263
230250970
230425350
231002666
231430611
232278342
232316977
232783748
232884139
233050813
233063060
233275731
233290319
233590741
236026769
236308058
236427956
236438886
236462688
237662904
237682998
237992205
239075407
239747504
239851207
240014130
240575326
240988162
241128834
241331907
242477122
242657832
243062084
243154695
243381068
244060331
244261866
245648472
246037075
246214299
246374686
246461798
247969524
248375087
248715983
248794304
248927437
250341883
250625958
251082143
251281990
251535410
251739228
251953054
252020867
253308082
254432738
254484432
256078713
256107230
256175718
256195370
256748408
256846848
257061575
257747923
257938375
258173165
259449178
260283487
260507632
260585030
261085618
261231139
262380723
263031672
263784607
265995838
266036054
266456548
267268716
267281040
267592753
267788595
268385892
268710228
269226323
269960917
270240630
270474292
271185508
271820283
272120291
272758608
274029205
274645925
275254025
275667700
277288118
278993397
279135813
279861428
280285307
280441598
281188928
281631658
281912916
282114001
282533323
283374892
283564277
283950335
284906277
285582934
285904374
286112151
286348919
286534432
287203975
287393629
288050122
289800241
289843310
290058933
290644282
290989080
293395114
294145938
294189463
294462607
295290264
295409657
295642466
296136424
296705997
297453905
297974197
298827966
299414590
299460186
300237641
300254480
301207193
301343628
301609507
303111194
303260072
303527559
304753467
305443130
305503027
306070047
306504258
307200561
307752232
307775751
308021439
308945087
310164270
310730106
310894644
311648482
312037111
313094098
313563686
313992846
314095373
314678885
315335336
315495292
315569608
315891682
316189321
316232438
316842578
317522819
318374766
318465626
318490261
318902438
319209903
320414358
320473715
321628668
322775196
322829119
323179990
323227399
324129130
324182126
324366049
324517891
325305845
325572330
327240878
327632893
328110302
328132100
328462739
328507141
328600746
328984373
329292360
329334809
329352147
330804855
331132657
331336271
331661019
331759638
332156788
332355294
333664282
335250560
335764930
336175676
336215934
337220429
337793957
337914590
337946241
337950978
337980007
338634053
338842336
338977409
339082068
339289961
339709153
339799717
340162589
340193849
340667689
340730237
341194999
342382795
342984023
343644603
344292107
344401257
344955985
345911358
346587496
346812109
347765016
348534946
348539280
348579211
348932988
351019968
351333495
351441305
351457590
352206516
352683790
352763527
353229697
353266693
353420815
353978880
354052515
354429228
354616418
354764304
354933226
355171565
355463105
355731823
355733644
355774963
356856531
356998005
357415028
357494648
357707261
357790385
358272122
358296286
358923079
358984240
359304670
359667868
359827917
359901147
359915505
359979198
360816768
360842855
361167131
361353477
362166538
362302503
362336708
362591540
363498930
363577772
363739900
363858517
364120142
364845826
366632042
366780446
367092650
367339161
367881113
367998069
367999066
368889628
369179829
369352400
369419840
369578537
369580965
369735306
370357845
371164179
371581452
371798538
371844498
372090709
372768346
372857749
372868617
373235284
373673850
374659859
376151096
376334550
376354775
376655929
376932260
376990280
377067109
377728028
378343408
378382031
378608189
378930169
380180575
381722315
381978101
382184584
383466674
383573590
383811879
384356687
384383160
384422525
384577405
384886333
385142134
386121876
386842715
386885166
387388196
388480539
388777252
388984514
389035359
389231088
389486630
389996005
390909408
391190779
391350285
391735926
392369862
393221660
394174712
394628558
395045554
395127217
395407868
396261480
396410562
396776116
397712227
397829378
397954891
399121087
399446342
399770550
400053909
400129507
400562584
401142658
401420899
402134078
402238501
402320400
402370469
402911963
403484855
404478519
404999106
405083521
405246964
405295468
405444023
405961555
406109373
406355573
406418579
407103847
407544314
407998473
408293425
408818664
409198147
409208004
409560593
411278285
411289919
411673059
412001997
412106958
412162123
412728729
412793057
413776022
415205865
415336913
415419814
415643592
416304992
417108743
417719359
417857651
418112389
418217198
418507353
418576073
418960154
420946694
421243465
422048323
422161069
423411889
423740846
424049695
424093653
424925756
424996262
425788515
426044999
426293383
427087853
427136433
427676216
428167358
428190200
428859817
429406822
430290435
430567645
430576168
430596908
430608082
431338178
431658240
431685994
431881706
432164617
432447497
432545378
432626531
432880581
432990206
433367793
433419470
434418313
434959419
435965994
436115551
436174682
436397904
436504196
436646172
437087593
437318309
437482869
437944627
438414061
439154509
439810576
440591483
440627364
441416650
442254100
442956549
442960699
443061698
443229217
443495304
444402924
444874950
445754372
446388974
446818253
446910943
447119191
448949894
449465552
449832781
450259727
450408135
451156374
451281177
451597481
451799656
452088830
452126028
452696743
453652950
454608000
454898535
454949512
455328983
455710308
456351334
456932504
457706001
457988161
458653633
458788718
459655323
460427558
460670761
461169895
462178156
462227131
462745766
462978243
464454969
465183890
465435016
465647849
466402947
466783207
468780128
468999113
470749560
471166625
471340096
471408068
471469566
472096087
472241098
472812733
472916174
472935320
473113591
473499934
474443348
474895997
475389798
475608338
476138223
476543543
478784855
479575212
479692918
480122089
480688905
480796485
480901782
481219968
481758079
482715206
482889841
482926665
483042084
483286461
484185536
484635119
484817038
485026811
485061423
485423937
486952129
487107800
487150811
488041844
488260804
488539230
489179971
491458797
492883651
493648090
493898350
496001274
496013589
496092558
497088144
497304234
498135446
498256338
499318969
500086161
500156952
503228312
503236448
505171302
505487389
505629858
505783344
506715773
506733188
506763185
507692614
508427423
508569774
508883902
509881034
509882499
510099173
510318698
510450843
510522240
511069213
511118784
511508272
511985624
512246861
512383260
512899013
513293342
513928644
514180707
514194244
514318247
514393193
514448720
515522640
515626278
516175921
517387221
517587383
517660433
517725728
517939556
518213526
518556257
518798311
518802797
519608995
520334434
521166964
521929085
522002227
522422964
522520841
522768304
524574316
525049738
525411806
525471512
525521288
525855137
526023553
526220330
527673914
528016631
528371728
528793240
529234305
529398972
529833526
530441338
530511280
530776574
531505111
532273390
532285943
532772745
533597684
534296328
534562658
535724917
536627861
537282000
538284554
538421277
539015473
539121902
539245182
539355438
539798655
539853331
541738568
541862916
541927287
541944309
542218014
542319215
542435618
543789856
543937485
546394850
547146758
547173235
547280593
547406745
548063972
548287876
548321153
548322307
549104352
550211245
550789783
551044657
551420894
551554571
552536496
552697342
553399762
553809090
553945168
554321406
554367898
554563688
554782765
554800790
555176771
556055606
556472802
556683139
556716100
557073351
557531980
557756151
557767454
557948460
558287703
558396814
558496748
559134824
559439455
559755247
559863235
560682844
560850632
560917831
560965089
561127950
561748794
563193030
563743293
565535285
565656508
565837334
566690245
566717704
566766978
566902057
568085852
568635247
568644998
569054834
569180633
569216389
569315520
570410825
571043605
571327543
572059382
572232376
572368297
573364518
573551882
575180991
575295140
575563568
575564680
575577424
575814952
576239678
576347543
576899820
577475752
578763162
578901512
579210041
579441818
579650009
580198502
581081186
581284322
581501252
581747241
581903094
582436480
582452154
582511675
582539214
582710854
583607120
583901809
583916553
583925667
584112036
585107936
585253426
585340166
585411435
585787092
586202814
586372738
587600483
588113748
588117686
588131270
589240408
589447584
589732100
589996461
590478169
590654920
590922812
591060022
591334338
591347960
592026891
592181895
592306803
592779956
592820420
592849184
593124178
594463100
594547187
594782926
594880001
598246259
598363017
599023251
599252452
600275033
600450169
600629142
600915785
601057263
601083901
601305192
602569882
604272981
604287665
605022160
605104462
605208475
606341965
607965928
608306264
608445531
608883692
609002351
609428623
609520095
609768580
611401982
611766755
612090168
612626233
612909074
613296931
614503086
615611354
616118734
616173866
616174213
616435244
616602053
616792373
617016787
617696887
618001506
620112101
620228939
620773174
621565340
621816067
622411671
622444450
622669731
623337095
624336952
624419785
625402029
625674204
625750412
625831023
625969181
626123008
626343814
626608691
626744138
627123344
627283363
627368528
627407058
627873465
628492252
628845417
629204406
629208730
629694909
629858268
630214222
630217483
630445854
630576831
630843308
631128048
631132768
633295621
634368939
634483598
634737469
635015509
635774122
636253792
636779531
636964046
637816322
639324287
639425836
639736451
640524619
640936482
641063317
641290322
641638283
641864450
641868796
642074119
642448967
642450883
643285515
643796011
643827811
644092391
644436806
644526756
645311246
645437854
646861452
647017231
647846266
648001739
649509834
650221426
650654918
652276143
652439553
652673937
652744615
653368210
654241574
654395908
654572171
655037086
655533257
655613606
655710360
655808320
656053046
656474949
657328744
657624185
659166796
659210709
660583043
661873587
661913917
662597132
663117667
663118120
664183597
665016735
665484691
666051817
666925952
667010292
668270986
668317096
669141683
669628235
669758214
670355166
670761401
670908712
671072192
672117613
672254366
672390024
672700788
673272558
674284300
674380502
674534439
674762104
675138368
675254143
675391068
676309360
676904682
676981133
677252015
677358922
677450408
677538094
677695102
677929455
678202397
678775757
679019432
679561207
680055216
680647326
681577095
681927956
682428953
683043528
683925215
684167068
684896287
684964222
685212247
685262675
685613905
686421314
686637408
686646797
686736467
686765122
688373677
689011466
689130465
689425958
689567012
690114796
690370985
692210731
692679760
693333491
693616092
694070184
694373022
694565469
695056427
695370613
696477512
696757250
696935218
697067865
697208354
697275753
697505782
698485262
698542652
699169613
699293379
700336114
700873406
701386157
701647045
701934915
702119927
702270129
702735933
703134313
703577381
704017245
704387002
704510141
704635656
704683557
705386350
705628220
705736800
705974448
706230799
706323938
706733704
706765059
706779908
706799961
706904975
706910424
707899221
709438063
709570786
710723620
711032692
711349507
711483317
712057642
714177607
714532676
715259430
715625955
716210241
717496111
717706116
717974406
719665253
721444709
721742847
722266081
722446223
722530059
723811360
724132224
724319189
724522285
724757109
725153860
725855334
726839037
726945331
727095863
727686802
727812058
727815995
727853884
728518086
729052165
729635604
729797721
729960096
729966823
730374240
730456554
731021351
732030785
732844850
732865238
734046143
734373117
735060371
735061820
735225075
735269316
735452977
736194086
736480793
736562459
736900653
737257136
737424465
738162944
738278919
738381730
738740733
739095231
739372509
740023568
740197214
741261960
742034217
743324056
743833180
745217164
745496059
745564070
746011080
746873427
747183776
747733674
747985851
748251097
748845949
749167436
750015323
750128106
750156022
750233822
751974048
752003481
752302744
752332006
753236895
755409718
755626408
755871845
756005449
756095083
756210312
756255721
756294345
756363177
756962643
757079759
757921033
758201967
758583488
758688054
758949004
760292505
760442345
760539974
760607753
760768612
760787639
760839357
762050322
762163768
762191358
762769543
763060937
763148047
763476449
763624030
764565520
764573133
764598625
764642570
765543795
765581531
766341904
766508424
766978602
768391217
769027753
769557279
769606590
771526424
771538053
771979326
772080867
772100088
772240004
772335684
772460832
772668130
773045526
773315225
773511430
774109830
774272761
774594547
774690002
775515468
775847861
775942714
775976265
776018271
777786377
778485270
779301874
779598582
780222441
780957082
782085323
782474526
783020433
783788810
783859122
783927260
784665951
784802315
786284611
786347173
787011138
787632689
787846244
787887960
788026198
788153169
788210697
788298929
788457581
788689444
789321740
789789345
791200348
791282661
791648801
792724461
793158689
793367316
793765540
794181682
794517222
794780156
795019594
795021533
795644310
796766062
796833776
797393482
797931788
798059054
799174419
799773417
799946673
800303745
800430625
800806290
801430896
801645895
802839490
803618847
803903053
804323539
804851248
805606303
806733060
806851631
807519986
808307006
808390542
808845773
808928636
808950854
809006936
809221227
809329196
809764520
810100592
810653265
811959690
812019860
813050225
814739803
815495569
815946754
815962866
816224147
816474929
816619344
816918619
817198612
818108642
818660897
818812677
819718383
819789305
820057163
820304523
820597433
820961366
821292823
822087589
822427177
822445488
823135996
823340693
823768314
823771840
825172068
825790637
825924975
826286799
827301514
827335128
827513057
827855365
827938647
828196022
828613490
829131450
829844799
830026448
830835422
831011548
831673343
831719794
832221032
832259003
833179028
834243875
834747665
835265335
836152905
836906905
837104115
837699034
837927776
838167478
838819166
839204776
839442829
839701479
839840269
839844029
840732792
840841612
841535568
841717833
842908982
842934164
843471590
843650945
844255002
844472341
845726993
846092269
846240279
846577469
846710101
847123228
847812094
848799857
848839421
849099439
849201409
849948285
850144550
850363085
850875836
851039604
851121848
851339044
852013959
852570338
852660468
853089621
853401110
853646623
854391583
854904034
855008361
855165229
855373925
855584994
855589400
856164260
856177190
857286038
857369516
857739451
859253766
859665708
859897343
860599253
860878074
861371306
861590436
861927103
861929920
863252905
863523791
864066481
864602073
864729199
865065068
865322246
865518804
866443483
866524665
866581776
867186089
867245837
867447109
867681652
868214649
869936390
869970568
870051889
870312938
870384545
870477614
871244430
871566210
871686418
871998009
872486593
872740527
872749629
872870210
872933534
873156339
873547845
873691080
873759853
874240889
874759220
874998029
875767458
876191272
876752030
876770399
877393877
877979375
878301488
878792652
879307689
879390530
879507263
879642654
879945236
879984507
880382826
882395455
882564995
882864246
883089724
883497407
883952301
884181611
884483015
885031254
885321207
885521978
885688403
886204081
886560428
887484208
887926133
888394197
888418239
888552926
889462823
890858524
890870302
892343311
892480418
892769220
893211730
893246022
893266922
893533828
893689730
893904581
894045704
894311468
895265819
895470361
895649118
895913405
896878760
897449543
898042998
898058340
898666858
898955416
899084694
899220793
900513403
900666937
900747239
901638343
902215434
902402087
902529355
903026177
903193496
903245205
904705422
905687336
906712452
907097479
907918332
908303465
908783146
908915265
909419497
910576682
910768709
911323240
911520196
911895878
912273909
912335121
912355992
913331052
913376996
913599934
913675365
914005750
914433393
914657309
914908786
915380526
915557288
915581849
915657732
915721415
915853716
915864171
916286942
916297214
916481205
916715359
917930102
917948287
918689370
918822262
918937729
918942140
919099773
919450020
920679519
921950582
922737229
923182703
923504388
923886318
923927287
924484254
924677155
924987125
925631626
926189822
927081240
927578678
928964125
930015061
931130541
931943431
932241492
932742804
933097536
933174976
933437929
933502880
933774595
933907247
934153834
935138983
935389881
935494337
935966759
936166846
936636659
936808093
937070163
938846281
939302747
939315432
939707948
939842671
940703972
941620069
942169097
942252046
942458361
943076153
943404912
943508267
943662851
943794512
944025388
944870379
945366289
945829292
946030032
946703987
946932300
946970794
947359633
947786328
947924700
948057954
948542993
949191415
949206630
949586563
949622641
949668166
950834257
950944342
951124623
951303456
952215531
952421137
954889276
955354673
957012081
957601119
957840847
958346021
959020110
960856507
961593171
962284954
962878900
963152240
963417474
964013363
964584138
964613929
964931471
965009405
965266977
965288512
965424790
965595183
965655930
966256076
966483901
966619446
966658340
967760589
967926170
968111726
968308660
968684837
968776450
969739799
970107555
970174750
972080844
972491600
972662828
972778050
974256408
974417396
974463237
975585623
975883945
975966703
976118425
978105871
978221528
978453275
978506284
978754063
980107730
981225109
981300698
982377228
982961551
983052393
983921034
984334391
985562132
985774180
986481177
987406868
987434714
987676509
988000032
988191234
988402307
988626871
988803007
989349422
989579880
989810943
989935191
990266491
990321203
990402995
991764177
992226838
992376100
992813581
993600183
993939614
994031223
994343580
994549765
995140862
995247419
995516968
996067553
997279405
997861269
999933326
1000059764
1000101172
1001907293
1002252139
1003303293
1003702832
1004242526
1005180733
1005535593
1005963119
1006375436
1007116672
1007542765
1007763664
1007909093
1007973490
1008036658
1009745681
1010757372
1011253948
1011543236
1012317920
1012444928
1014388522
1014460638
1014698639
1014753341
1015880501
1016252207
1016357394
1016443015
1016847471
1016918124
1017008278
1017062727
1017512869
1018209358
1018667848
1019756091
1020778281
1020953034
1021029973
1021946732
1022278694
1022453456
1022693559
1022785734
1023498956
1024009180
1024044464
1024082127
1024207385
1024837784
1024881203
1025224707
1026089328
1026169836
1026555976
1026831243
1027218538
1027771500
1027971330
1028046682
1028700079
1028782926
1028884837
1029243716
1029400544
1029565595
1030021844
1030440572
1030450787
1032004766
1032006546
1032424020
1032586648
1032986784
1033294841
1033603183
1034193116
1034354452
1036023803
1037025320
1037827586
1038062355
1039029800
1039520666
1039632695
1039718714
1040704410
1040972762
1041337034
1041789380
1042270876
1042365426
1042444363
1042456321
1042808321
1043428346
1043617668
1043792165
1043794742
1044464873
1044809902
1045101179
1045511605
1045584121
1045936032
1045992081
1046334616
1046773412
1047629574
1048004934
1048633840
1048681511
1048932020
1048939776
1049486772
1049981753
1050115918
1050381054
1050961404
1051396160
1051665918
1053577129
1053709575
1053843328
1054662150
1056150630
1056337288
1056577311
1056578193
1057253893
1057703042
1058724004
1058809338
1059262698
1059597254
1059624719
1059723783
1059807197
1059993617
1060255607
1060618383
1060734609
1060836328
1061230514
1061296531
1062760601
1063185469
1064178009
1064664233
1065375516
1065731312
1065976734
1066057136
1066078784
1066126415
1066522902
1067085760
1067246493
1067296135
1067955617
1068207033
1068290863
1068785837
1069012700
1069714923
1070047321
1070242865
1070619143
1070946622
1071046663
1072464897
1072872677
1074102151
1074229928
1074703126
1074917995
1076447697
1076726366
1076997063
1077316979
1077512772
1077842648
1078371157
1079011380
1079053638
1079525861
1079588439
1080802150
1081388697
1081421312
1081759366
1082183259
1082669100
1084268469
1084616785
1085233796
1085493042
1085563389
1087385796
1089373650
1089471598
1089591747
1090405696
1090702069
1091232929
1091434519
1091570609
1091614454
1091726411
1092188791
1093878534
1094170185
1095353401
1095870201
1096232978
1096296203
1096597513
1096807318
1098642907
1099013745
1099448720
1099510882
1099912361
1100540753
1100861266
1101239121
1102708472
1103647754
1104408849
1104573079
1104795825
1105465565
1105926010
1106278139
1106773422
1106792650
1107369549
1108092126
1108817189
1109992316
1110864046
1111137303
1111194583
1112011395
1112381144
1113211437
1114313679
1114800847
1115179672
1115237683
1115292184
1115688752
1115910313
1116119840
1116355139
1118061800
1118321440
1118684282
1119100818
1119645100
1119723180
1120077334
1120591668
1120868037
1120973673
1121449470
1121908153
1122086716
1122834899
1123212132
1123627030
1123761443
1124066244
1124571851
1125006588
1125024486
1125629615
1126417833
1126636349
1126667480
1127494717
1128099366
1128461518
1128782435
1129190538
1129462496
1129936633
1130076707
1130231601
1130417730
1130917907
1131102616
1131305969
1131544233
1131546649
1131931963
1132738245
1133337261
1133727481
1133897370
1135219208
1135482367
1135989351
1136685281
1136956780
1137336952
1137634363
1138096004
1139265182
1139662966
1139886455
1142040744
1142849117
1142989893
1143411027
1143634532
1144161873
1144242244
1144387565
1144645588
1144767441
1145124985
1145607167
1146023021
1146684170
1146707949
1146967593
1148660898
1148945986
1149648452
1149734044
1150123039
1150522039
1151162261
1151650394
1152042642
1152209833
1153064745
1153230174
1153643095
1153704019
1154062423
1154237216
1154655987
1155034452
1155139678
1155348345
1155417577
1156013780
1156162755
1156482190
1156506715
1156686222
1156883702
1156984612
1157205208
1157490728
1158719817
1159268424
1159976242
1160052964
1160302079
1161221763
1161597923
1163536826
1163873774
1164152401
1164495019
1164649829
1164686007
1164740079
1164852903
1165576405
1166073299
1167295191
1167619745
1169860988
1170633475
1171639268
1171642395
1171664600
1172460388
1172908450
1173110849
1174467124
1174865299
1175569701
1176048532
1176210859
1176387715
1176407413
1176544323
1177165279
1177227107
1177530623
1177862552
1177967209
1178237673
1179276780
1179723077
1180037229
1180146142
1180274011
1180349374
1180382605
1180597397
1181167379
1181835806
1182055842
1182191662
1183401243
1183767734
1183918845
1184162651
1184190734
1184239427
1184493017
1184683037
1185059015
1185892442
1187012402
1187150149
1187449972
1187527368
1187684955
1187763774
1188732822
1188763444
1188901668
1189497800
1189762868
1189880613
1190076545
1190141613
1190298548
1190455929
1191463623
1191727462
1191838761
1193075425
1193910148
1194421792
1194572083
1194864203
1194870437
1194947483
1194977986
1195010147
1195130704
1195621345
1195622886
1196087731
1196259410
1197066960
1197328688
1197386588
1197565195
1197675118
1198218390
1198858099
1199531665
1200197995
1200232509
1200463617
1200545456
1200733520
1201712908
1201954709
1201985768
1202311177
1202580118
1203306018
1203662410
1203882865
1205546681
1205561709
1205594225
1205600830
1205775626
1206088329
1206191010
1207053437
1207119574
1207595307
1207750300
1207967992
1208338666
1208670609
1208967284
1209035422
1210360681
1211642375
1211761363
1212327470
1212356426
1212512637
1213003493
1213393746
1213827113
1214438262
1214670144
1215553791
1215749168
1215751556
1215966724
1216960538
1218060824
1218951698
1219455418
1219592438
1219931585
1219963229
1220051844
1220740445
1220896002
1221816638
1221962541
1222353943
1222528106
1222913899
1223101891
1223709690
1223815036
1223970094
1224253616
1224654110
1225224026
1225394536
1225648128
1226247208
1227119325
1227182829
1227193614
1227263554
1227306487
1227457086
1227605984
1227854750
1228159770
1228222805
1228885281
1230501181
1231547942
1231745398
1232658026
1233389027
1233397508
1233816241
1234117811
1234454185
1234889825
1235040543
1235627032
1235777697
1236731732
1236911306
1238251111
1238274534
1238560677
1239146201
1239308098
1239794810
1240040162
1240107530
1240166557
1240594159
1240739860
1241876720
1242851383
1243282267
1243459818
1244302096
1244909971
1245444747
1245557034
1245654274
1246316191
1246534674
1246695746
1246901612
1247446794
1247617507
1247646294
1247758903
1248487227
1248943553
1249097030
1249142716
1249254865
1249516426
1250577121
1250632825
1250978242
1251090047
1251387041
1251415349
1252970400
1253087818
1253466205
1253548149
1253605235
1253882646
1255675848
1255676932
1255884061
1256940943
1257004017
1257890233
1258343698
1258723957
1259279462
1259358380
1259687838
1259917124
1260020335
1260296159
1260741084
1261626882
1261941080
1262314634
1262581586
1262728647
1263043261
1263187710
1263294741
1263369237
1263445179
1263770796
1264145280
1265371796
1265427060
1265529656
1266471979
1266791358
1266832083
1267473445
1267703100
1267916429
1267967332
1268537654
1268805146
1269454864
1270543925
1270871267
1270930833
1271248616
1271279462
1271375540
1271432829
1271704121
1272176192
1272406846
1272512731
1273069272
1273235539
1274576405
1275028973
1275252548
1275374330
1275448973
1275547004
1275651487
1275716427
1275805668
1276447508
1276615486
1276684410
1276698881
1276954625
1277298824
1277412470
1277471012
1277573550
1277586317
1278239777
1279160923
1279217577
1280341662
1281128638
1282254643
1283500919
1283503105
1283720513
1283909662
1284166406
1284427722
1285520010
1286236156
1286414974
1286530568
1286567747
1286660170
1287411406
1287556179
1289014773
1289072485
1289076082
1289754469
1290087770
1290387680
1290564905
1291051718
1291804806
1291861064
1292308621
1292569682
1293037473
1293219171
1293615770
1293731196
1293744530
1294580492
1294900591
1295649499
1295987767
1295993242
1296865630
1297715810
1298395786
1299537276
1299598577
1299737213
1299818848
1300103775
1300432535
1300583372
1300778187
1301117028
1301154391
1301308365
1301414961
1301665064
1302533380
1302697011
1302732729
1302811629
1303991023
1304141632
1304501649
1305169747
1305661426
1305727071
1306449965
1306925720
1307491753
1307704195
1307741006
1307986419
1308275783
1308414518
1308508677
1309045114
1309079616
1309120881
1309599419
1310511740
1310738528
1312372241
1312576350
1312705189
1312711288
1313138411
1313851792
1314098332
1314484782
1315144943
1316123496
1316599799
1316828814
1317061199
1317825967
1317924751
1318041816
1318462592
1319325658
1319914323
1320097057
1320117993
1320221780
1321505078
1321580747
1322066590
1322127464
1322631059
1323327436
1323338147
1323606996
1323772463
1323849199
1323912922
1323996438
1325141630
1325460690
1325462224
1325850349
1326944909
1328568906
1328733497
1328839870
1330283394
1330631746
1331511387
1331556692
1331879399
1332201471
1332735848
1332826106
1333002668
1333305388
1333333422
1334767415
1334929760
1336684654
1336962759
1337002898
1337518214
1337653496
1338594772
1339149572
1339647892
1339655546
1339998361
1341934892
1342261958
1343090950
1343220606
1343355237
1344792349
1345784886
1345930222
1346942110
1347306093
1348406831
1348425899
1348665475
1348845798
1348981367
1349713543
1350172509
1350496058
1351131053
1351297520
1351497906
1351755091
1352326141
1352941534
1353459088
1353535848
1353788197
1353948525
1354715004
1354828214
1355869270
1355970648
1358311629
1358515832
1358563383
1358682929
1359071068
1359171229
1359503515
1359532252
1360219177
1360984275
1361039639
1361059275
1361137523
1361147584
1361275573
1361621862
1362164335
1362519599
1362960542
1364177500
1364491349
1365401309
1366040522
1368564843
1369046658
1369275129
1369413339
1369605548
1369663471
1370593635
1370709875
1370959454
1371196166
1371749599
1371824790
1372802184
1373596969
1373625532
1374026754
1374037069
1374441114
1374475377
1374813476
1375598375
1376014403
1376083101
1376269442
1376425762
1376543506
1376872912
1377001486
1377094812
1377144314
1377159267
1377187098
1378137415
1378622525
1379029832
1379581618
1379648227
1379668406
1380003339
1380076163
1380776523
1381523992
1382200787
1382517150
1382649138
1382762029
1383519598
1383780590
1384011293
1384163445
1384713411
1385293036
1385318373
1385455886
1385629589
1385662800
1386020996
1386722079
1386910178
1387221135
1387327766
1388000616
1388977763
1389437575
1389553459
1390063451
1390466098
1390579701
1390657820
1391535320
1391629093
1391933151
1392740164
1392960919
1393240788
1393245200
1393668215
1393688646
1393747959
1393998681
1394273476
1394780973
1395515869
1395737158
1396125135
1396254220
1396628527
1397621251
1398037055
1398228692
1400233488
1400421587
1400702368
1400920394
1401133696
1401986205
1402312604
1402780767
1403729916
1403960093
1404016686
1404068312
1404075754
1405019795
1405021850
1405781219
1406616515
1407209863
1407562170
1407975909
1408164249
1409258573
1409786774
1410589372
1410720289
1410788460
1411748831
1411874625
1412636787
1413423148
1413569441
1413740979
1414440267
1414726651
1414821298
1415069115
1415236622
1415768226
1416050561
1416579791
1417232770
1417452467
1418369710
1418855332
1419569227
1420580882
1421098462
1421134053
1421285292
1421413340
1421662111
1422032821
1422173392
1423245643
1423586279
1424217994
1425906262
1426019276
1426082070
1426937598
1427338470
1427645052
1427682567
1428163473
1428215969
1428333922
1429277922
1429800132
1430173935
1431400798
1431458075
1431825529
1432310691
1433770593
1434577117
1435523910
1435676328
1435856261
1436855646
1437098926
1437127058
1437179356
1437965895
1438501016
1439124576
1439571222
1439691489
1439900637
1441492921
1441675344
1442261663
1442269961
1443368927
1443740322
1444186461
1444320763
1444968889
1445190478
1446162869
1446170137
1446928544
1447107433
1447203689
1447485770
1447980149
1448556735
1448795374
1449656666
1449853205
1450498145
1450777757
1451230141
1451609255
1451985117
1452110565
1452180230
1452220951
1453235111
1453414834
1454248298
1454616924
1454973771
1456344455
1457235759
1458007405
1458015179
1458152870
1459029473
1459886424
1459928212
1460192160
1460548455
1462397451
1462421770
1462634463
1463198299
1464431678
1465678677
1466160054
1467508013
1467618880
1468517504
1468868886
1469801859
1470481959
1470582173
1470850631
1471738082
1472287753
1472471206
1472536061
1472686757
1473043498
1474376699
1474843754
1475156827
1475430332
1475699290
1476048609
1476069990
1476642268
1477051793
1477103455
1477139295
1477706670
1477727916
1478104245
1480305394
1480709470
1480773151
1481066855
1481176474
1481607484
1482388309
1482476121
1482808439
1482957047
1483446590
1483490945
1484459695
1484546192
1484733203
1485165494
1485301642
1485544247
1485589242
1485824993
1485998781
1487036893
1487456851
1488167581
1488251378
1488418249
1488830419
1489130310
1489264071
1489486731
1489570411
1489953615
1490230942
1491106934
1491485829
1491604631
1491824566
1491861686
1492280836
1492852871
1493669084
1494159927
1494860084
1496037928
1496468520
1497057076
1497563446
1498115785
1498752089
1499358042
1499578661
1499676977
1499771071
1499890666
1500386390
1501144364
1501572218
1501909945
1502240249
1502371941
1502552197
1502811752
1503981094
1504515947
1504965084
1505026288
1505724658
1506063402
1507234183
1507305228
1507712730
1508522149
1509241740
1509973705
1510171205
1510708134
1511136518
1511253649
1512537542
1513148207
1513366068
1514218104
1514260297
1514319948
1514711957
1515597901
1515637222
1516080481
1516262258
1517620449
1518373804
1518443911
1519268012
1519400801
1519507024
1520186179
1521208922
1521306390
1521407767
1521713447
1521904568
1521990823
1523504077
1524131744
1524151402
1524395800
1524733862
1524765731
1525168998
1525408837
1525623326
1525830069
1526384652
1526413776
1526472601
1526607586
1526649418
1527342595
1527807128
1528124283
1528717503
1529277761
1529971639
1529993382
1530413753
1530418979
1530432914
1531667492
1531852246
1532593665
1534490745
1534666575
1535398054
1536270298
1536579980
1538336090
1538510819
1538823517
1539453461
1539573770
1539856838
1540184750
1542068250
1542464285
1542498445
1542825019
1543025961
1544105092
1544520508
1544551034
1545204759
1545442504
1545761962
1545819333
1545941569
1546334046
1546455836
1546735660
1546807044
1547433186
1547859762
1548406377
1549158053
1549553197
1549684758
1550523349
1550541370
1550765804
1550886938
1551055410
1551357969
1551677124
1551749242
1552287567
1552311620
1554703116
1554712757
1554714618
1555497158
1555521145
1557920748
1558575939
1558606816
1559366725
1560506540
1560714616
1562001524
1562546198
1562879360
1563553268
1563632338
1563736179
1564473135
1564971500
1565728568
1567037104
1567048209
1567324857
1567744336
1567900974
1568355000
1569324919
1569408510
1569800355
1569998002
1570210211
1570790782
1572790787
1572956914
1572960309
1573091927
1573275089
1573632511
1575070957
1575549982
1575853218
1575899705
1576036297
1576042908
1576187763
1576199290
1576356223
1576486660
1576756624
1577302192
1577344234
1577859320
1578174849
1578916382
1579391517
1579585639
1579859786
1580576713
1581034391
1581932849
1582833926
1582935121
1584501216
1584698599
1584872577
1585387240
1585733697
1586012166
1586271135
1587281053
1587574495
1587687985
1587874842
1588536913
1589470402
1589905471
1590192635
1590234385
1590253910
1590574029
1590678029
1591185797
1591532933
1592469446
1592591188
1592653908
1592690744
1593226916
1593719519
1594728569
1596679318
1597101086
1597242759
1597299140
1598346142
1598530245
1598717204
1599267160
1599421029
1600054480
1600326326
1600477766
1601167663
1601376769
1601506374
1601952367
1601990476
1602187345
1603003175
1603119994
1603208892
1603276202
1603404211
1604025668
1604325208
1604376819
1604906379
1605180733
1605189283
1605584770
1605692295
1607029900
1607468052
1607886594
1609805706
1610520829
1611284770
1611425342
1611581007
1611796689
1612010114
1612127243
1612201851
1612731901
1613542423
1613597728
1614605075
1614726303
1615430234
1615515686
1616169888
1616316208
1617307465
1617313960
1617614466
1618536360
1618709391
1618986406
1620161301
1620285777
1620316749
1620763557
1620936845
1621289229
1621413216
1622265477
1622482733
1622806557
1623411234
1624356292
1624395287
1625179815
1625338272
1625470499
1625779424
1625918895
1626300805
1627322841
1628438082
1628469088
1629040147
1629152686
1629206727
1631206981
1632332983
1633524671
1633666828
1633939322
1634806364
1635782019
1636066732
1636150519
1636572109
1637292704
1637693495
1637710194
1637745489
1637947761
1638336063
1638805473
1638970858
1639808019
1639859975
1640168817
1640343426
1640584364
1640692251
1640796975
1640867231
1642011119
1643255273
1644815654
1645405242
1645875192
1646574654
1647179751
1648059749
1648219923
1649204681
1649238915
1649434923
1649869923
1649884118
1650263029
1650894762
1651134374
1651476245
1652063616
1652480524
1652962027
1653594976
1653689838
1654957418
1655815684
1656331536
1656941036
1657711529
1658924221
1659162846
1659375074
1659577395
1660221831
1661064193
1661267960
1662663427
1662723318
1663425156
1665872916
1666494644
1666791686
1666797935
1666952652
1667115055
1668329082
1668814129
1670040695
1670125900
1670490759
1670728205
1671324403
1671426123
1671855320
1672033227
1672228092
1672684387
1672858335
1673321324
1673914352
1673964814
1674291182
1675080232
1675877061
1676628342
1677215059
1677263679
1677415824
1677416510
1677783343
1678259938
1678779556
1678957344
1679371133
1680084153
1681205206
1681940677
1682019987
1682093496
1682198015
1682584025
1682657187
1682801802
1682969191
1683000964
1684528683
1685089401
1685307650
1685793947
1685859625
1686088735
1686193237
1686285924
1687268673
1688820106
1689062560
1689587849
1689830922
1690139856
1690204978
1690332796
1690407916
1690876456
1691093677
1691723710
1691836109
1692137009
1692358508
1692560443
1692898550
1693532276
1694125335
1694247700
1694284395
1694858101
1695042817
1695504502
1696502990
1696565122
1696998840
1697042228
1697169406
1697235263
1697437886
1697715851
1698207685
1698443748
1698575092
1698912239
1699102939
1699132478
1699924562
1700782829
1700902483
1701270638
1701792693
1701941835
1702222698
1702584650
1702992011
1703174156
1704145298
1704540351
1704627561
1704817450
1705369746
1705949740
1706312285
1706317651
1706773673
1707082709
1707189328
1707616258
1707845145
1708558816
1709474902
1710105736
1711023086
1711120808
1711389290
1711878286
1712091754
1712326191
1712510422
1714066428
1714074171
1714802059
1714921780
1715290641
1715831916
1715914024
1716018526
1717445537
1717478154
1717763986
1718602004
1719522869
1719705014
1719752699
1719919191
1722069285
1722562466
1722811377
1723722981
1723960512
1723991808
1724070520
1724991786
1725446196
1725888421
1726541259
1727252757
1727261385
1728134897
1728436053
1728733875
1729269651
1729570740
1729662380
1729748876
1729856222
1732421073
1732944293
1733226401
1733235535
1733486803
1733613270
1733721664
1733837616
1733968458
1734252587
1734883444
1735162785
1735252158
1735556598
1735618469
1735900116
1735964177
1736917661
1737252173
1737349631
1737393442
1737421760
1738294908
1738886289
1739567155
1739849588
1740012859
1740376206
1740658831
1740774594
1740901252
1741120710
1741251052
1741475974
1742349234
1744284388
1745342011
1745546499
1746099326
1746759772
1747192570
1747987975
1748053926
1748232820
1748900100
1749148296
1749302674
1749610380
1750068842
1750372805
1750442184
1750909966
1750912909
1751169416
1751805692
1751829049
1752244281
1752245557
1752365225
1753168453
1753288618
1753300819
1753588077
1753675468
1753816714
1754097933
1754112839
1754388361
1754559960
1754770570
1754949448
1755220416
1755916366
1756883072
1757545635
1757919686
1758073070
1759010243
1759409920
1761412019
1761697911
1762015529
1763046472
1763652774
1764501330
1765101508
1765685572
1765692757
1765991585
1767824408
1769438549
1769680149
1769798983
1770406054
1770456706
1770614857
1770751346
1770765758
1770961403
1771069251
1771347257
1771714534
1772951107
1773092849
1773291783
1773903093
1774614965
1775565492
1775706819
1776064366
1776292691
1777157721
1777289528
1777293392
1777785472
1777940166
1778218293
1778541526
1778581064
1778690111
1778796436
1778909858
1779273212
1780521425
1781712827
1781881919
1782042192
1782106514
1784435021
1784901858
1784972346
1785092522
1786068511
1787640604
1787758510
1788461942
1789751933
1790133886
1790365042
1790375567
1790399408
1790427126
1790609632
1791118468
1791374723
1791459417
1791803644
1791880212
1792900209
1792953734
1793212704
1794384104
1796273631
1796609108
1796770315
1797113514
1797259364
1797965360
1798007838
1798644064
1798781721
1799094154
1800649344
1801406632
1801518276
1802230888
1802273137
1802853964
1802888245
1802981799
1803026259
1803100521
1803274014
1803623560
1804083645
1804656190
1804663055
1805081688
1805123868
1805854917
1806498147
1807084607
1807155929
1807239521
1807764784
1808633124
1808649090
1808659910
1809117932
1809251823
1810958597
1811394980
1811420333
1813241426
1813394032
1814207960
1814211192
1814482876
1814826259
1815018761
1815053483
1815074775
1815461039
1816080019
1816267730
1816386981
1817005873
1817169926
1817324262
1817798963
1818187412
1818259278
1819076362
1819228997
1819606328
1820292676
1820607191
1821478209
1821689102
1822017456
1822621059
1822807985
1823746288
1823965061
1824205313
1824321596
1824745920
1824837212
1824911982
1825212618
1825594496
1826526952
1826754250
1826855667
1826894597
1827092403
1828697139
1828711551
1829069490
1829118073
1829272982
1830354387
1830590773
1830871197
1831040316
1831643866
1831667469
1831703256
1832477168
1832945515
1833434687
1833446146
1834091372
1834209992
1834353149
1834675978
1834749676
1835399741
1835410711
1835421768
1835724251
1835885010
1836846805
1837153316
1837569355
1837823040
1838721663
1839494928
1839588489
1840170112
1840296643
1840790322
1841081337
1841665395
1842199767
1843160137
1843413681
1843437768
1843792093
1844317729
1844734204
1845035051
1845043385
1845634862
1845844704
1845862498
1845943186
1846801687
1846902757
1847799056
1848508230
1849623492
1850092493
1850235155
1850460482
1850504293
1851144565
1851409429
1851917616
1851965477
1852223277
1852303647
1852584355
1854547033
1854591967
1854611752
1855135746
1855274225
1855467985
1856267084
1857104074
1859965002
1859999063
1860048686
1860132005
1860352779
1860357691
1860433265
1861964836
1862507468
1863088367
1863173053
1864655058
1864747827
1864966526
1865969920
1865981961
1866020044
1867424603
1868868696
1870130212
1870194255
1870247356
1870537875
1871264911
1871545762
1871721242
1872260534
1872315062
1872470324
1873005003
1874066817
1874930669
1875057227
1875278222
1876298862
1876545706
1876765963
1876845519
1878812757
1878872944
1878915056
1879793362
1880135993
1880463404
1880861121
1881851016
1882116529
1882364099
1882421317
1882424484
1882681975
1882909572
1883042704
1883174073
1883174178
1883453447
1884073427
1884650698
1885335449
1886080756
1886248551
1889034641
1889263434
1889481769
1889512952
1889569395
1890305856
1890324996
1890909983
1891067975
1891260278
1891927574
1892181132
1892267059
1892312081
1893309397
1893626460
1893791600
1893890044
1893936323
1894144048
1895512475
1895730978
1896771288
1897715202
1897720465
1898205045
1898708728
1900442569
1900630678
1900687148
1900828974
1901042803
1901773495
1901892571
1902174406
1902466096
1902496928
1903130040
1903296088
1904826271
1905246538
1905841559
1905938045
1905946225
1906638794
1907279020
1907566807
1908050951
1908439595
1909108125
1909137856
1909664583
1911220490
1911569358
1912837773
1912902739
1913884257
1914001595
1914372308
1915082890
1915724276
1916510688
1916858738
1917155647
1917483245
1918115050
1918626880
1918805367
1919119514
1919354882
1920312416
1920431237
1920514390
1921437427
1922231891
1922547298
1922630905
1922834385
1922878968
1923323900
1923461442
1924442669
1924638812
1924816185
1925340849
1925393764
1926837818
1927331384
1927431359
1928825890
1929733650
1929766896
1930424195
1930515920
1930939948
1930982231
1931201380
1931533247
1931790612
1931816587
1932992200
1933861128
1934101097
1934127942
1934251181
1934723162
1935169784
1936284965
1936649716
1937698181
1937927574
1937934240
1938086988
1938782375
1940022765
1940060369
1940134426
1940234860
1940510698
1941274088
1941334977
1941446711
1941696439
1942193602
1943725799
1943828281
1944023175
1945866145
1946307177
1946925083
1947350289
1947484710
1947706669
1948733010
1949192822
1949991219
1949997264
1950003670
1950234816
1950774161
1951060977
1951273880
1951899437
1952028257
1952476309
1953794512
1954288513
1954486602
1954664481
1954903222
1955203304
1955761145
1956157316
1956408308
1958362830
1958402038
1959033964
1959736117
1960064579
1960270836
1961637713
1962207711
1962464874
1962651867
1962984043
1964026125
1964953919
1965265405
1965319528
1965728475
1965788298
1965867290
1966372736
1966982613
1967722661
1968233166
1968350696
1968364462
1969267579
1969531047
1970691547
1971014935
1971321742
1971452289
1971606722
1971961163
1972354368
1972385349
1972456597
1972865375
1973058290
1973648700
1973729083
1973857091
1974157971
1974167801
1974927288
1975254412
1976156614
1976494798
1977110023
1978530887
1978550402
1980003422
1981015714
1981090461
1981270222
1981474898
1982823917
1983667430
1983671139
1983795836
1984262599
1984300485
1984395008
1984873933
1985200777
1985213332
1986815028
1987334000
1987530178
1987632889
1988011060
1988068056
1988269144
1988312673
1989223029
1990170013
1990393064
1991026706
1991448335
1991452425
1991721128
1991916233
1992221407
1992463128
1995829973
1995935436
1996205425
1996992737
1997078784
1997222746
1997883919
1998002773
1998482886
1998552579
1999098390
1999152831
1999184529
1999404224
1999780195
1999863512
2000060519
2000225789
2000232118
2000299156
2001149324
2001524327
2002887320
2003138187
2003583979
2004595612
2004729737
2004758114
2004873929
2005848261
2005959777
2006036447
2006097587
2006883684
2007266472
2007599257
2007722734
2008108895
2008339005
2008414472
2009284893
2009379360
2009600022
2009622131
2010153017
2011476393
2011556886
2011839014
2012104121
2012776398
2013039294
2013176501
2013505024
2013689002
2013829886
2013949956
2015194434
2015919602
2016265081
2016549421
2016664282
2016742697
2016979494
2017394900
2017583191
2018186423
2018847340
2019825710
2020170493
2020201311
2020581760
2022354485
2023217723
2023340159
2023637073
2024209115
2024217905
2025234619
2025284471
2025379068
2025632769
2027094169
2027525438
2027576773
2027671998
2028032368
2028216706
2028661041
2029164767
2029458156
2029522366
2029551370
2030075859
2030756228
2030973746
2030975768
2031542919
2033009859
2033505742
2033996064
2034023691
2034594116
2034659054
2034696416
2035790334
2035867477
2035989570
2037167807
2037312308
2037404572
2037607249
2037720550
2038561261
2038681736
2039492694
2040524866
2040738063
2041660957
2042119833
2042276125
2042960610
2043166535
2043947771
2045062052
2046046639
2046681625
2046764085
2046812542
2047007136
2048109273
2048430527
2048660787
2048730428
2048891587
2049251172
2050354951
2050526566
2050790934
2052038992
2052107424
2052173413
2052213074
2052427116
2052448653
2052536472
2052985438
2053731845
2053755127
2054122596
2055019948
2055053541
2055091673
2055958330
2055973864
2056244180
2056689209
2057018578
2057888984
2059133533
2059818027
2059840071
2060013139
2060798127
2061131675
2061287997
2062116619
2062230477
2062612396
2063238373
2063306916
2064119471
2065033044
2065621152
2065710924
2065880575
2066030131
2067852353
2068168794
2068203749
2068367066
2070719301
2071306784
2071992465
2072566461
2072639444
2072853969
2072885371
2073136350
2073416474
2073826971
2074980289
2075403124
2075517447
2075589628
2075725490
2076808365
2077463483
2077728354
2077798917
2078002868
2078005039
2078239903
2080090287
2080275010
2080686049
2080787824
2080969729
2081157594
2081385801
2081755298
2082058387
2083324999
2083603805
2084892509
2085065724
2085812418
2085814982
2085883119
2086468750
2087344951
2087505232
2087578270
2087651302
2087859924
2089209887
2089388396
2089484991
2089556843
2090630403
2091283146
2091345706
2091839786
2092625837
2092991723
2093292061
2093865710
2094320257
2094383498
2094656353
2095634009
2095841960
2096203507
2096396513
2096662243
2096703739
2096733827
2096888993
2097487664
2097647989
2097670674
2097811802
2098273592
2098486265
2098735432
2099167624
2099732264
2100111737
2100203691
2100291808
2100521333
2100553167
2101399646
2101755184
2102547576
2103155390
2103602018
2104340183
2104661480
2104818348
2105813665
2105935129
2106713582
2106813837
2106903180
2107037760
2107161564
2107464911
2107586292
2107638397
2108533578
2108623402
2109363271
2109616667
2110845194
2111628806
2111638020
2112561127
2113491998
2114036019
2114346316
2115169924
2115279328
2115350054
2115463577
2115574337
2115718899
2115920307
2116478666
2117207100
2118620000
2118734815
2118960679
2119359644
2119565122
2119675612
2121078246
2121558695
2122132103
2122606680
2123807489
2124130476
2124135369
2124451888
2124911623
2125473978
2126031019
2126567469
2126818999
2128235632
2128420054
2128590804
2129510624
2130511223
2130756315
2130869951
2131069856
2131329538
2131629746
2131813114
2132330834
2133188581
2133263150
2133358324
2133907476
2134085984
2134216831
2134622521
2135727252
2135867924
2136247927
2136254255
2136348462
2136707289
2136729479
2136769012
2137921023
2138104387
2138220793
2138955486
2138980105
2139344527
2139517154
2140004558
2140104270
2140600134
2141031785
2142710549
2143250631
2143277034
2143327948
2143568681
2143659580
2144029634
2144380613
2145075290
2145646380
2147310161
